      0.00100000      0.00070550      0.00070577      0.00070553      0.00070459      0.00070168
      0.00200000      0.00136466      0.00136536      0.00136453      0.00136136      0.00134817
      0.00300000      0.00203256      0.00203366      0.00203228      0.00202704      0.00200353
      0.00400000      0.00270307      0.00270457      0.00270267      0.00269543      0.00266179
      0.00500000      0.00337461      0.00337649      0.00337408      0.00336488      0.00332121
      0.00600000      0.00404658      0.00404886      0.00404593      0.00403478      0.00398114
      0.00700000      0.00471872      0.00472138      0.00471795      0.00470486      0.00464124
      0.00800000      0.00539086      0.00539391      0.00538998      0.00537494      0.00530136
      0.00900000      0.00606292      0.00606636      0.00606191      0.00604492      0.00596135
      0.01000000      0.00673481      0.00673863      0.00673368      0.00671474      0.00662115
      0.01100000      0.00740648      0.00741070      0.00740522      0.00738432      0.00728068
      0.01200000      0.00807788      0.00808249      0.00807650      0.00805363      0.00793988
      0.01300000      0.00874897      0.00875397      0.00874747      0.00872262      0.00859870
      0.01400000      0.00941972      0.00942511      0.00941808      0.00939123      0.00925709
      0.01500000      0.01009007      0.01009586      0.01008831      0.01005945      0.00991501
      0.01600000      0.01076001      0.01076619      0.01075811      0.01072723      0.01057241
      0.01700000      0.01142948      0.01143607      0.01142745      0.01139452      0.01122925
      0.01800000      0.01209847      0.01210545      0.01209630      0.01206131      0.01188550
      0.01900000      0.01276693      0.01277432      0.01276462      0.01272754      0.01254109
      0.02000000      0.01343483      0.01344262      0.01343237      0.01339320      0.01319600
      0.02100000      0.01410213      0.01411034      0.01409953      0.01405823      0.01385017
      0.02200000      0.01476881      0.01477743      0.01476606      0.01472261      0.01450359
      0.02300000      0.01543483      0.01544386      0.01543192      0.01538629      0.01515617
      0.02400000      0.01610016      0.01610959      0.01609708      0.01604925      0.01580793
      0.02500000      0.01676475      0.01677461      0.01676151      0.01671144      0.01645874
      0.02600000      0.01742858      0.01743885      0.01742517      0.01737284      0.01710867
      0.02700000      0.01809160      0.01810230      0.01808802      0.01803339      0.01775751
      0.02800000      0.01875379      0.01876492      0.01875002      0.01869307      0.01840544
      0.02900000      0.01941510      0.01942667      0.01941115      0.01935183      0.01905214
      0.03000000      0.02007551      0.02008751      0.02007137      0.02000964      0.01969789
      0.03100000      0.02073497      0.02074740      0.02073062      0.02066646      0.02034225
      0.03200000      0.02139344      0.02140632      0.02138889      0.02132224      0.02098564
      0.03300000      0.02205088      0.02206421      0.02204612      0.02197694      0.02162744
      0.03400000      0.02270726      0.02272104      0.02270229      0.02263053      0.02226828
      0.03500000      0.02336254      0.02337678      0.02335733      0.02328296      0.02290731
      0.03600000      0.02401667      0.02403137      0.02401123      0.02393418      0.02354542
      0.03700000      0.02466961      0.02468478      0.02466393      0.02458415      0.02418144
      0.03800000      0.02532132      0.02533696      0.02531539      0.02523283      0.02481661
      0.03900000      0.02597176      0.02598788      0.02596557      0.02588016      0.02544940
      0.04000000      0.02662088      0.02663748      0.02661441      0.02652611      0.02608141
      0.04100000      0.02726864      0.02728572      0.02726189      0.02717061      0.02671071
      0.04200000      0.02791498      0.02793257      0.02790794      0.02781363      0.02733935
      0.04300000      0.02855987      0.02857795      0.02855253      0.02845510      0.02796489
      0.04400000      0.02920325      0.02922184      0.02919559      0.02909499      0.02858993
      0.04500000      0.02984507      0.02986418      0.02983709      0.02973322      0.02921143
      0.04600000      0.03048529      0.03050492      0.03047696      0.03036976      0.02983264
      0.04700000      0.03112385      0.03114401      0.03111516      0.03100453      0.03044979
      0.04800000      0.03176069      0.03178139      0.03175163      0.03163749      0.03106691
      0.04900000      0.03239576      0.03241701      0.03238632      0.03226855      0.03167940
      0.05000000      0.03302901      0.03305081      0.03301917      0.03289770      0.03229217
      0.05100000      0.03366037      0.03368273      0.03365011      0.03352481      0.03289965
      0.05200000      0.03428979      0.03431272      0.03427909      0.03414988      0.03350780
      0.05300000      0.03491720      0.03494072      0.03490605      0.03477278      0.03410991
      0.05400000      0.03554254      0.03556665      0.03553092      0.03539350      0.03471314
      0.05500000      0.03616575      0.03619046      0.03615363      0.03601190      0.03530949
      0.05600000      0.03678675      0.03681207      0.03677411      0.03662799      0.03590749
      0.05700000      0.03740548      0.03743143      0.03739230      0.03724158      0.03649767
      0.05800000      0.03802187      0.03804845      0.03800812      0.03785272      0.03709012
      0.05900000      0.03863584      0.03866306      0.03862150      0.03846119      0.03767367
      0.06000000      0.03924731      0.03927520      0.03923236      0.03906704      0.03826023
      0.06100000      0.03985621      0.03988477      0.03984061      0.03967004      0.03883667
      0.06200000      0.04046246      0.04049170      0.04044617      0.04027025      0.03941698
      0.06300000      0.04106596      0.04109590      0.04104896      0.04086739      0.03998578
      0.06400000      0.04166663      0.04169728      0.04164889      0.04146158      0.04055946
      0.06500000      0.04226439      0.04229576      0.04224586      0.04205247      0.04112006
      0.06600000      0.04285912      0.04289125      0.04283978      0.04264022      0.04168671
      0.06700000      0.04345075      0.04348364      0.04343055      0.04322441      0.04223849
      0.06800000      0.04403916      0.04407283      0.04401806      0.04380527      0.04279770
      0.06900000      0.04462426      0.04465871      0.04460220      0.04438227      0.04333998
      0.07000000      0.04520592      0.04524119      0.04518287      0.04495575      0.04389131
      0.07100000      0.04578404      0.04582015      0.04575994      0.04552506      0.04442337
      0.07200000      0.04635850      0.04639546      0.04633330      0.04609062      0.04496635
      0.07300000      0.04692917      0.04696700      0.04690280      0.04665165      0.04548740
      0.07400000      0.04749593      0.04753466      0.04746833      0.04720871      0.04602155
      0.07500000      0.04805863      0.04809828      0.04802975      0.04776084      0.04653072
      0.07600000      0.04861715      0.04865774      0.04858690      0.04830876      0.04705553
      0.07700000      0.04917132      0.04921289      0.04913963      0.04885128      0.04755188
      0.07800000      0.04972101      0.04976357      0.04968780      0.04938935      0.04806683
      0.07900000      0.05026604      0.05030962      0.05023122      0.04992149      0.04854932
      0.08000000      0.05080625      0.05085089      0.05076973      0.05044894      0.04905386
      0.08100000      0.05134146      0.05138718      0.05130314      0.05096985      0.04952136
      0.08200000      0.05187148      0.05191832      0.05183126      0.05148581      0.05001493
      0.08300000      0.05239613      0.05244412      0.05235388      0.05199451      0.05046620
      0.08400000      0.05291520      0.05296437      0.05287080      0.05249802      0.05094824
      0.08500000      0.05342846      0.05347886      0.05338178      0.05299343      0.05138191
      0.08600000      0.05393570      0.05398737      0.05388659      0.05348344      0.05185185
      0.08700000      0.05443668      0.05448965      0.05438499      0.05396433      0.05226642
      0.08800000      0.05493113      0.05498545      0.05487669      0.05443963      0.05272370
      0.08900000      0.05541881      0.05547452      0.05536143      0.05490462      0.05311753
      0.09000000      0.05589941      0.05595657      0.05583890      0.05536385      0.05356160
      0.09100000      0.05637265      0.05643131      0.05630879      0.05581135      0.05393288
      0.09200000      0.05683822      0.05689842      0.05677076      0.05625302      0.05436323
      0.09300000      0.05729576      0.05735758      0.05722446      0.05668119      0.05471000
      0.09400000      0.05774493      0.05780842      0.05766951      0.05710358      0.05512617
      0.09500000      0.05818534      0.05825057      0.05810548      0.05751031      0.05544627
      0.09600000      0.05861660      0.05868363      0.05853197      0.05791149      0.05584788
      0.09700000      0.05903827      0.05910718      0.05894849      0.05829432      0.05613896
      0.09800000      0.05944988      0.05952075      0.05935456      0.05867208      0.05652576
      0.09900000      0.05985094      0.05992386      0.05974961      0.05902813      0.05678524
      0.10000000      0.06024093      0.06031598      0.06013311      0.05937997      0.05715714
      0.10100000      0.06061928      0.06069656      0.06050437      0.05970585      0.05738226
      0.10200000      0.06098537      0.06106498      0.06086281      0.06002890      0.05773939
      0.10300000      0.06133854      0.06142059      0.06120758      0.06032059      0.05792715
      0.10400000      0.06167809      0.06176270      0.06153803      0.06061159      0.05826993
      0.10500000      0.06200323      0.06209054      0.06185312      0.06086429      0.05841714
      0.10600001      0.06231315      0.06240329      0.06215214      0.06111951      0.05874638
      0.10700001      0.06260693      0.06270005      0.06243375      0.06132746      0.05884966
      0.10800001      0.06288359      0.06297985      0.06269721      0.06154264      0.05916667
      0.10900001      0.06314205      0.06324162      0.06294076      0.06169887      0.05922249
      0.11000001      0.06338112      0.06348420      0.06316370      0.06186923      0.05952920
      0.11100001      0.06359952      0.06370631      0.06336360      0.06196526      0.05953396
      0.11200001      0.06379581      0.06390655      0.06353995      0.06208539      0.05983312
      0.11300001      0.06396843      0.06408336      0.06368929      0.06211087      0.05978323
      0.11400001      0.06411564      0.06423503      0.06381153      0.06217479      0.06007854
      0.11500001      0.06423550      0.06435965      0.06390157      0.06211701      0.05997058
      0.11600001      0.06432584      0.06445508      0.06396030      0.06211827      0.06026697
      0.11700001      0.06438424      0.06451894      0.06397980      0.06196155      0.06009785
      0.11800001      0.06440799      0.06454855      0.06396301      0.06189342      0.06040171
      0.11900001      0.06439400      0.06454088      0.06389721      0.06161841      0.06016897
      0.12000001      0.06433878      0.06449248      0.06378940      0.06147439      0.06048840
      0.12100001      0.06423832      0.06439942      0.06361840      0.06105725      0.06019054
      0.12200001      0.06408805      0.06425718      0.06339920      0.06083191      0.06053564
      0.12300001      0.06388265      0.06406054      0.06309545      0.06024331      0.06017253
      0.12400001      0.06361593      0.06380341      0.06273774      0.05993386      0.06055559
      0.12500001      0.06328064      0.06347866      0.06226196      0.05913812      0.06012906
      0.12600001      0.06286819      0.06307783      0.06172927      0.05874698      0.06056471
      0.12700001      0.06236828      0.06259082      0.06102364      0.05770146      0.06007912
      0.12800001      0.06176851      0.06200539      0.06026663      0.05724052      0.06058434
      0.12900001      0.06105365      0.06130661      0.05924325      0.05589584      0.06004723
      0.13000001      0.06020484      0.06047590      0.05819561      0.05539322      0.06064112
      0.13100001      0.05919825      0.05948983      0.05671607      0.05369549      0.06006386
      0.13200001      0.05800327      0.05831825      0.05529116      0.05320566      0.06076706
      0.13300001      0.05657962      0.05692147      0.05312906      0.05110273      0.06016539
      0.13400001      0.05487289      0.05524575      0.05122237      0.05072084      0.06099908
      0.13500001      0.05280699      0.05321585      0.04798937      0.04817608      0.06039330
      0.13600001      0.05027096      0.05072163      0.04550146      0.04805524      0.06137785
      0.13700001      0.04709338      0.04759203      0.04047674      0.04507423      0.06079262
      0.13800001      0.04298746      0.04353964      0.03739803      0.04543937      0.06194571
      0.13900001      0.03740997      0.03801073      0.02894557      0.04211422      0.06140919
      0.14000001      0.02906992      0.02970747      0.02562639      0.04325341      0.06274381
      0.14100001      0.01182531      0.01219779      0.00000000      0.03981805      0.06228618
      0.14200001      0.00000000      0.00000000      0.00000000      0.04201573      0.06380861
      0.14300001      0.00000000      0.00000000      0.00000000      0.03886771      0.06345993
      0.14400001      0.00000000      0.00000000      0.00000000      0.04225937      0.06516827
      0.14500001      0.00000000      0.00000000      0.00000000      0.03986511      0.06495595
      0.14600001      0.00000000      0.00000000      0.00000000      0.04429827      0.06683946
      0.14700001      0.00000000      0.00000000      0.00000000      0.04298431      0.06678587
      0.14800001      0.00000000      0.00000000      0.01889243      0.04805375      0.06882538
      0.14900001      0.03047546      0.02265160      0.02195028      0.04786952      0.06894586
      0.15000001      0.04346033      0.03999482      0.03799291      0.05311562      0.07111521
      0.15100001      0.05204432      0.04985934      0.04269966      0.05388544      0.07141696
      0.15200001      0.05857572      0.05702525      0.05209324      0.05895584      0.07368528
      0.15300001      0.06389446      0.06270951      0.05670493      0.06041353      0.07416729
      0.15400001      0.06840960      0.06746056      0.06314014      0.06510386      0.07650157
      0.15500001      0.07235323      0.07156732      0.06721226      0.06699221      0.07715538
      0.15600001      0.07587009      0.07520295      0.07193783      0.07121808      0.07952299
      0.15700001      0.07905655      0.07847930      0.07543160      0.07333237      0.08033416
      0.15800001      0.08198003      0.08147286      0.07910418      0.07708717      0.08270493
      0.15900001      0.08468944      0.08423828      0.08210642      0.07928301      0.08365488
      0.16000001      0.08722140      0.08681591      0.08510549      0.08260267      0.08600259
      0.16100001      0.08960399      0.08923636      0.08772174      0.08478773      0.08707037
      0.16200001      0.09185922      0.09152344      0.09027380      0.08772673      0.08937356
      0.16300001      0.09400461      0.09369595      0.09259466      0.08984771      0.09053755
      0.16400001      0.09605437      0.09576905      0.09483824      0.09246458      0.09277973
      0.16500001      0.09802012      0.09775508      0.09693326      0.09449488      0.09401892
      0.16600001      0.09991153      0.09966427      0.09895536      0.09684455      0.09618842
      0.16700001      0.10173670      0.10150513      0.10087583      0.09877450      0.09748335
      0.16800001      0.10350248      0.10328485      0.10273277      0.10090498      0.09957277
      0.16900001      0.10521470      0.10500954      0.10451603      0.10273485      0.10090614
      0.17000001      0.10687840      0.10668445      0.10624550      0.10468639      0.10291173
      0.17100001      0.10849792      0.10831410      0.10791881      0.10642180      0.10426866
      0.17200001      0.11007704      0.10990242      0.10954690      0.10822725      0.10618958
      0.17300001      0.11161908      0.11145284      0.11113041      0.10987627      0.10755766
      0.17400001      0.11312694      0.11296838      0.11267578      0.11156203      0.10939529
      0.17500001      0.11460321      0.11445170      0.11418462      0.11313350      0.11076447
      0.17600001      0.11605017      0.11590515      0.11566101      0.11472060      0.11252182
      0.17700001      0.11746986      0.11733085      0.11710673      0.11622314      0.11388419
      0.17800001      0.11886410      0.11873066      0.11852456      0.11772826      0.11556533
      0.17900001      0.12023453      0.12010627      0.11991614      0.11916982      0.11691485
      0.18000001      0.12158263      0.12145919      0.12128348      0.12060614      0.11852450
      0.18100001      0.12290972      0.12279080      0.12262800      0.12199384      0.11985674
      0.18200001      0.12421701      0.12410231      0.12395123      0.12337182      0.12139994
      0.18300001      0.12550559      0.12539486      0.12525436      0.12471182      0.12271176
      0.18400001      0.12677647      0.12666947      0.12653861      0.12603978      0.12419360
      0.18500001      0.12803054      0.12792705      0.12780496      0.12733741      0.12548291
      0.18600001      0.12926863      0.12916847      0.12905440      0.12862199      0.12690839
      0.18700001      0.13049150      0.13039448      0.13028776      0.12988179      0.12817393
      0.18800001      0.13169985      0.13160581      0.13150583      0.13112832      0.12954779
      0.18900001      0.13289431      0.13280309      0.13270931      0.13235414      0.13078894
      0.19000001      0.13407547      0.13398694      0.13389887      0.13356692      0.13211561
      0.19100001      0.13524386      0.13515788      0.13507510      0.13476201      0.13333223
      0.19200001      0.13639997      0.13631644      0.13623853      0.13594454      0.13461579
      0.19300001      0.13754428      0.13746307      0.13738969      0.13711166      0.13580805
      0.19400001      0.13867718      0.13859821      0.13852901      0.13826679      0.13705219
      0.19500001      0.13979908      0.13972224      0.13965693      0.13940824      0.13822053
      0.19600001      0.14091032      0.14083552      0.14077384      0.14053832      0.13942858
      0.19700001      0.14201124      0.14193840      0.14188009      0.14165605      0.14057357
      0.19800001      0.14310213      0.14303118      0.14297602      0.14276302      0.14174847
      0.19900001      0.14418328      0.14411415      0.14406191      0.14385867      0.14287076
      0.20000001      0.14525494      0.14518756      0.14513806      0.14494410      0.14401511
      0.20100001      0.14631734      0.14625165      0.14620471      0.14601905      0.14511540
      0.20200001      0.14737070      0.14730664      0.14726209      0.14708427      0.14623147
      0.20300001      0.14841521      0.14835273      0.14831042      0.14813966      0.14731045
      0.20400001      0.14945106      0.14939011      0.14934989      0.14918575      0.14840020
      0.20500001      0.15047841      0.15041893      0.15038067      0.15022253      0.14945851
      0.20600001      0.15149740      0.15143936      0.15140293      0.15125037      0.15052363
      0.20700001      0.15250816      0.15245151      0.15241681      0.15226931      0.15156187
      0.20800001      0.15351081      0.15345552      0.15342243      0.15327962      0.15260378
      0.20900001      0.15450546      0.15445149      0.15441990      0.15428135      0.15362246
      0.21000001      0.15549219      0.15543951      0.15540933      0.15527469      0.15464234
      0.21100001      0.15647108      0.15641965      0.15639079      0.15625969      0.15564190
      0.21200001      0.15744220      0.15739200      0.15736437      0.15723649      0.15664071
      0.21300001      0.15840560      0.15835659      0.15833011      0.15820513      0.15762148
      0.21400001      0.15936132      0.15931348      0.15928807      0.15916568      0.15859997
      0.21500001      0.16030938      0.16026270      0.16023827      0.16011819      0.15956218
      0.21600001      0.16124981      0.16120425      0.16118075      0.16106269      0.16052092
      0.21700001      0.16218261      0.16213816      0.16211551      0.16199920      0.16146467
      0.21800001      0.16310777      0.16306441      0.16304254      0.16292773      0.16240404
      0.21900001      0.16402528      0.16398299      0.16396184      0.16384826      0.16332931
      0.22000001      0.16493510      0.16489387      0.16487337      0.16476077      0.16424952
      0.22100001      0.16583720      0.16579701      0.16577710      0.16566523      0.16515617
      0.22200001      0.16673151      0.16669235      0.16667298      0.16656160      0.16605725
      0.22300001      0.16761798      0.16757984      0.16756093      0.16744979      0.16694497
      0.22400001      0.16849652      0.16845939      0.16844089      0.16832974      0.16782679
      0.22500001      0.16936704      0.16933091      0.16931276      0.16920135      0.16869513
      0.22600001      0.17022944      0.17019431      0.17017644      0.17006452      0.16955738
      0.22700001      0.17108359      0.17104945      0.17103181      0.17091911      0.17040567
      0.22800001      0.17192936      0.17189620      0.17187873      0.17176499      0.17124789
      0.22900001      0.17276660      0.17273442      0.17271704      0.17260200      0.17207528
      0.23000001      0.17359514      0.17356394      0.17354659      0.17342995      0.17289680
      0.23100001      0.17441479      0.17438458      0.17436719      0.17424865      0.17370220
      0.23200001      0.17522535      0.17519612      0.17517863      0.17505788      0.17450218
      0.23300001      0.17602660      0.17599836      0.17598068      0.17585739      0.17528422
      0.23400001      0.17681829      0.17679104      0.17677311      0.17664692      0.17606160
      0.23500001      0.17760016      0.17757391      0.17755563      0.17742617      0.17681858
      0.23600001      0.17837190      0.17834666      0.17832795      0.17819483      0.17757210
      0.23700001      0.17913322      0.17910899      0.17908976      0.17895251      0.17830195
      0.23800001      0.17988375      0.17986055      0.17984069      0.17969888      0.17903012
      0.23900001      0.18062311      0.18060097      0.18058037      0.18043345      0.17973030
      0.24000001      0.18135091      0.18132983      0.18130837      0.18115582      0.18043140
      0.24100001      0.18206669      0.18204668      0.18202424      0.18186538      0.18109882
      0.24200001      0.18276995      0.18275105      0.18272748      0.18256171      0.18177088
      0.24300001      0.18346017      0.18344240      0.18341754      0.18324398      0.18240180
      0.24400001      0.18413676      0.18412014      0.18409382      0.18391180      0.18304261
      0.24500001      0.18479909      0.18478366      0.18475568      0.18456402      0.18363247
      0.24600001      0.18544645      0.18543224      0.18540238      0.18520032      0.18423964
      0.24700001      0.18607808      0.18606512      0.18603316      0.18581907      0.18478292
      0.24800001      0.18669314      0.18668148      0.18664712      0.18642018      0.18535391
      0.24900001      0.18729070      0.18728038      0.18724332      0.18700124      0.18584395
      0.25000001      0.18786973      0.18786081      0.18782069      0.18756264      0.18637622
      0.25100001      0.18842910      0.18842165      0.18837806      0.18810067      0.18680494
      0.25200001      0.18896756      0.18896163      0.18891411      0.18861675      0.18729614
      0.25300001      0.18948372      0.18947938      0.18942739      0.18910492      0.18765390
      0.25400001      0.18997600      0.18997334      0.18991624      0.18956864      0.18810224
      0.25500001      0.19044267      0.19044178      0.19037883      0.18999804      0.18837755
      0.25600001      0.19088175      0.19088274      0.19081306      0.19040052      0.18878237
      0.25700001      0.19129105      0.19129401      0.19121657      0.19075924      0.18896178
      0.25800001      0.19166803      0.19167311      0.19158666      0.19108922      0.18932437
      0.25900001      0.19200983      0.19201717      0.19192017      0.19136109      0.18939247
      0.26000001      0.19231317      0.19232294      0.19221358      0.19160430      0.18971741
      0.26100001      0.19257427      0.19258665      0.19246257      0.19176677      0.18965720
      0.26200001      0.19278873      0.19280394      0.19266241      0.19190543      0.18995413
      0.26300001      0.19295140      0.19296970      0.19280683      0.19192653      0.18974791
      0.26400001      0.19305625      0.19307791      0.19288952      0.19193925      0.19003402
      0.26500001      0.19309607      0.19312143      0.19290058      0.19177297      0.18966532
      0.26600001      0.19306222      0.19309166      0.19283196      0.19163625      0.18996840
      0.26700001      0.19294419      0.19297817      0.19266583      0.19121622      0.18942531
      0.26800001      0.19272906      0.19276812      0.19239427      0.19091009      0.18978711
      0.26900001      0.19240069      0.19244546      0.19197928      0.19014202      0.18906748
      0.27000001      0.19193857      0.19198979      0.19142392      0.18966531      0.18954642
      0.27100001      0.19131611      0.19137466      0.19063233      0.18842240      0.18866503
      0.27200001      0.19049803      0.19056495      0.18966655      0.18782813      0.18933651
      0.27300001      0.18943618      0.18951263      0.18825029      0.18596257      0.18833342
      0.27400001      0.18806247      0.18814962      0.18670083      0.18542676      0.18928524
      0.27500001      0.18627645      0.18637506      0.18415451      0.18283026      0.18823262
      0.27600001      0.18392129      0.18403033      0.18195059      0.18274871      0.18955296
      0.27700001      0.18073338      0.18084470      0.17733619      0.17951014      0.18855609
      0.27800001      0.17622076      0.17629923      0.17535820      0.18053142      0.19031392
      0.27900001      0.16930904      0.16912614      0.16790348      0.17717050      0.18950131
      0.28000001      0.15693513      0.15822516      0.16986273      0.17994046      0.19172358
      0.28100001      0.12348903      0.12803130      0.16270229      0.17743216      0.19122463
      0.28200001      0.15942115      0.15990780      0.17155647      0.18200709      0.19388001
      0.28300001      0.17407831      0.17196202      0.17094647      0.18122440      0.19379563
      0.28400001      0.18322428      0.18224866      0.18102406      0.18681604      0.19679477
      0.28500001      0.18994686      0.18932872      0.18504888      0.18784455      0.19717319
      0.28600001      0.19532947      0.19488255      0.19226486      0.19341466      0.20038783
      0.28700001      0.19986854      0.19951885      0.19676945      0.19565015      0.20121688
      0.28800001      0.20383035      0.20354275      0.20170145      0.20057770      0.20450970
      0.28900001      0.20737344      0.20712866      0.20553115      0.20332762      0.20572780
      0.29000001      0.21059950      0.21038592      0.20921364      0.20747488      0.20897966
      0.29100001      0.21357750      0.21338761      0.21241063      0.21029428      0.21049792
      0.29200001      0.21635629      0.21618497      0.21541426      0.21376690      0.21362326
      0.29300001      0.21897169      0.21881531      0.21816794      0.21645519      0.21534787
      0.29400001      0.22145074      0.22130662      0.22076880      0.21941485      0.21829723
      0.29500001      0.22381431      0.22368044      0.22321915      0.22191313      0.22014501
      0.29600001      0.22607886      0.22595368      0.22555664      0.22450093      0.22289895
      0.29700001      0.22825758      0.22813986      0.22779209      0.22681270      0.22480459
      0.29800001      0.23036120      0.23024995      0.22994325      0.22913307      0.22736460
      0.29900001      0.23239857      0.23229300      0.23201961      0.23128272      0.22928149
      0.30000001      0.23437707      0.23427652      0.23403120      0.23340831      0.23166136
      0.30100001      0.23630292      0.23620683      0.23598510      0.23542339      0.23355904
      0.30200001      0.23818139      0.23808931      0.23788776      0.23740378      0.23577837
      0.30300001      0.24001703      0.23992856      0.23974436      0.23930876      0.23763876
      0.30400001      0.24181374      0.24172854      0.24155943      0.24117792      0.23971870
      0.30500001      0.24357491      0.24349270      0.24333677      0.24299277      0.24153249
      0.30600001      0.24530354      0.24522405      0.24507973      0.24477434      0.24349330
      0.30700001      0.24700222      0.24692524      0.24679120      0.24651481      0.24525698
      0.30800001      0.24867328      0.24859861      0.24847372      0.24822564      0.24711689
      0.30900001      0.25031876      0.25024624      0.25012954      0.24990400      0.24883055
      0.31000001      0.25194051      0.25186998      0.25176064      0.25155640      0.25060531
      0.31100001      0.25354017      0.25347149      0.25336879      0.25318227      0.25227112
      0.31200001      0.25511921      0.25505226      0.25495559      0.25478549      0.25397401
      0.31300001      0.25667898      0.25661365      0.25652245      0.25636644      0.25559523
      0.31400001      0.25822067      0.25815686      0.25807065      0.25792761      0.25723730
      0.31500001      0.25974540      0.25968302      0.25960138      0.25946969      0.25881762
      0.31600002      0.26125415      0.26119312      0.26111568      0.26099440      0.26040798
      0.31700002      0.26274785      0.26268810      0.26261451      0.26250251      0.26195112
      0.31800002      0.26422734      0.26416879      0.26409876      0.26399526      0.26349725
      0.31900002      0.26569338      0.26563597      0.26556923      0.26547341      0.26500681
      0.32000002      0.26714668      0.26709035      0.26702667      0.26693788      0.26651484
      0.32100002      0.26858790      0.26853261      0.26847176      0.26838938      0.26799414
      0.32200002      0.27001764      0.26996333      0.26990513      0.26982865      0.26946911
      0.32300002      0.27143646      0.27138309      0.27132735      0.27125629      0.27092112
      0.32400002      0.27284489      0.27279242      0.27273898      0.27267291      0.27236720
      0.32500002      0.27424341      0.27419179      0.27414050      0.27407904      0.27379461
      0.32600002      0.27563247      0.27558166      0.27553239      0.27547521      0.27521522
      0.32700002      0.27701248      0.27696246      0.27691509      0.27686186      0.27662041
      0.32800002      0.27838384      0.27833458      0.27828899      0.27823944      0.27801843
      0.32900002      0.27974693      0.27969839      0.27965448      0.27960835      0.27940347
      0.33000002      0.28110208      0.28105424      0.28101191      0.28096897      0.28078130
      0.33100002      0.28244962      0.28240245      0.28236161      0.28232165      0.28214804
      0.33200002      0.28378985      0.28374332      0.28370390      0.28366672      0.28350771
      0.33300002      0.28512306      0.28507715      0.28503907      0.28500449      0.28485776
      0.33400002      0.28644951      0.28640421      0.28636739      0.28633526      0.28620100
      0.33500002      0.28776947      0.28772475      0.28768913      0.28765930      0.28753577
      0.33600002      0.28908318      0.28903901      0.28900454      0.28897686      0.28886406
      0.33700002      0.29039085      0.29034723      0.29031384      0.29028819      0.29018480
      0.33800002      0.29169271      0.29164961      0.29161725      0.29159351      0.29149942
      0.33900002      0.29298895      0.29294636      0.29291499      0.29289305      0.29280725
      0.34000002      0.29427978      0.29423768      0.29420725      0.29418701      0.29410930
      0.34100002      0.29556537      0.29552375      0.29549421      0.29547558      0.29540518
      0.34200002      0.29684590      0.29680474      0.29677606      0.29675894      0.29669564
      0.34300002      0.29812154      0.29808083      0.29805296      0.29803728      0.29798044
      0.34400002      0.29939243      0.29935216      0.29932508      0.29931075      0.29926014
      0.34500002      0.30065874      0.30061889      0.30059256      0.30057952      0.30053463
      0.34600002      0.30192060      0.30188117      0.30185555      0.30184374      0.30180432
      0.34700002      0.30317816      0.30313912      0.30311419      0.30310354      0.30306917
      0.34800002      0.30443153      0.30439289      0.30436862      0.30435906      0.30432948
      0.34900002      0.30568085      0.30564259      0.30561895      0.30561043      0.30558526
      0.35000002      0.30692623      0.30688834      0.30686531      0.30685777      0.30683673
      0.35100002      0.30816779      0.30813026      0.30810782      0.30810119      0.30808392
      0.35200002      0.30940564      0.30936846      0.30934658      0.30934078      0.30932699
      0.35300002      0.31063988      0.31060305      0.31058170      0.31057660      0.31056595
      0.35400002      0.31187061      0.31183411      0.31181327      0.31180871      0.31180094
      0.35500002      0.31309793      0.31306175      0.31304137      0.31303706      0.31303197
      0.35600002      0.31432192      0.31428607      0.31426598      0.31426156      0.31425915
      0.35700002      0.31554268      0.31550714      0.31548686      0.31548203      0.31548255
      0.35800002      0.31676029      0.31672506      0.31670304      0.31669832      0.31670228
      0.35900002      0.31797484      0.31793857      0.31791293      0.31791056      0.31791847
      0.36000002      0.31916338      0.31912924      0.31911774      0.31911930      0.31913128
      0.36100002      0.32037161      0.32033721      0.32032181      0.32032526      0.32034085
      0.36200002      0.32157659      0.32154246      0.32152557      0.32152889      0.32154731
      0.36300002      0.32277841      0.32274454      0.32272744      0.32273023      0.32275077
      0.36400002      0.32397711      0.32394350      0.32392658      0.32392909      0.32395130
      0.36500002      0.32517278      0.32513941      0.32512279      0.32512530      0.32514894
      0.36600002      0.32636545      0.32633233      0.32631602      0.32631873      0.32634373
      0.36700002      0.32755521      0.32752232      0.32750633      0.32750934      0.32753570
      0.36800002      0.32874209      0.32870944      0.32869375      0.32869713      0.32872485
      0.36900002      0.32992617      0.32989374      0.32987835      0.32988211      0.32991122
      0.37000002      0.33110748      0.33107528      0.33106018      0.33106432      0.33109483
      0.37100002      0.33228609      0.33225410      0.33223928      0.33224381      0.33227572
      0.37200002      0.33346204      0.33343026      0.33341571      0.33342061      0.33345391
      0.37300002      0.33463537      0.33460381      0.33458952      0.33459478      0.33462944
      0.37400002      0.33580614      0.33577478      0.33576074      0.33576636      0.33580235
      0.37500002      0.33697438      0.33694323      0.33692944      0.33693539      0.33697268
      0.37600002      0.33814015      0.33810919      0.33809564      0.33810192      0.33814048
      0.37700002      0.33930347      0.33927271      0.33925939      0.33926598      0.33930577
      0.37800002      0.34046440      0.34043383      0.34042073      0.34042763      0.34046860
      0.37900002      0.34162297      0.34159259      0.34157971      0.34158689      0.34162901
      0.38000002      0.34277922      0.34274902      0.34273635      0.34274381      0.34278704
      0.38100002      0.34393318      0.34390316      0.34389069      0.34389843      0.34394272
      0.38200002      0.34508489      0.34505504      0.34504277      0.34505077      0.34509610
      0.38300002      0.34623438      0.34620470      0.34619263      0.34620088      0.34624720
      0.38400002      0.34738169      0.34735218      0.34734029      0.34734878      0.34739605
      0.38500002      0.34852684      0.34849750      0.34848579      0.34849451      0.34854271
      0.38600002      0.34966987      0.34964069      0.34962916      0.34963811      0.34968719
      0.38700002      0.35081080      0.35078179      0.35077043      0.35077959      0.35082952
      0.38800002      0.35194967      0.35192082      0.35190963      0.35191900      0.35196975
      0.38900002      0.35308651      0.35305781      0.35304678      0.35305635      0.35310789
      0.39000002      0.35422133      0.35419278      0.35418191      0.35419168      0.35424397
      0.39100002      0.35535417      0.35532577      0.35531506      0.35532501      0.35537803
      0.39200002      0.35648505      0.35645680      0.35644623      0.35645636      0.35651009
      0.39300002      0.35761400      0.35758589      0.35757547      0.35758577      0.35764017
      0.39400002      0.35874103      0.35871307      0.35870279      0.35871326      0.35876831
      0.39500002      0.35986618      0.35983836      0.35982821      0.35983885      0.35989452
      0.39600002      0.36098946      0.36096178      0.36095177      0.36096256      0.36101882
      0.39700002      0.36211090      0.36208335      0.36207347      0.36208441      0.36214125
      0.39800002      0.36323052      0.36320310      0.36319334      0.36320443      0.36326181
      0.39900002      0.36434833      0.36432104      0.36431141      0.36432264      0.36438054
