      0.00100000      0.00071549      0.00071526      0.00071515      0.00071448      0.00071144
      0.00200000      0.00143082      0.00143037      0.00143015      0.00142881      0.00142270
      0.00300000      0.00214585      0.00214518      0.00214484      0.00214281      0.00213358
      0.00400000      0.00286042      0.00285952      0.00285906      0.00285634      0.00284392
      0.00500000      0.00357437      0.00357324      0.00357266      0.00356922      0.00355349
      0.00600000      0.00428755      0.00428619      0.00428548      0.00428130      0.00426215
      0.00700000      0.00499979      0.00499821      0.00499736      0.00499241      0.00496964
      0.00800000      0.00571094      0.00570913      0.00570813      0.00570238      0.00567583
      0.00900000      0.00642084      0.00641879      0.00641764      0.00641105      0.00638045
      0.01000000      0.00712931      0.00712702      0.00712571      0.00711822      0.00708336
      0.01100000      0.00783618      0.00783366      0.00783216      0.00782374      0.00778429
      0.01200000      0.00854128      0.00853852      0.00853683      0.00852740      0.00848303
      0.01300000      0.00924443      0.00924142      0.00923952      0.00922902      0.00917941
      0.01400000      0.00994545      0.00994219      0.00994006      0.00992840      0.00987301
      0.01500000      0.01064413      0.01064062      0.01063824      0.01062534      0.01056400
      0.01600000      0.01134029      0.01133652      0.01133387      0.01131963      0.01125136
      0.01700000      0.01203371      0.01202969      0.01202673      0.01201105      0.01193620
      0.01800000      0.01272419      0.01271990      0.01271661      0.01269935      0.01261592
      0.01900000      0.01341151      0.01340694      0.01340329      0.01338432      0.01329351
      0.02000000      0.01409542      0.01409058      0.01408652      0.01406568      0.01396437
      0.02100000      0.01477568      0.01477056      0.01476606      0.01474317      0.01463251
      0.02200000      0.01545205      0.01544664      0.01544165      0.01541651      0.01529412
      0.02300000      0.01612425      0.01611854      0.01611301      0.01608540      0.01595135
      0.02400000      0.01679200      0.01678598      0.01677985      0.01674952      0.01660247
      0.02500000      0.01745500      0.01744867      0.01744187      0.01740852      0.01724714
      0.02600000      0.01811294      0.01810627      0.01809874      0.01806207      0.01788705
      0.02700000      0.01876547      0.01875847      0.01875011      0.01870972      0.01851639
      0.02800000      0.01941224      0.01940489      0.01939562      0.01935119      0.01914580
      0.02900000      0.02005287      0.02004515      0.02003486      0.01998573      0.01975530
      0.03000000      0.02068695      0.02067885      0.02066742      0.02061319      0.02036502
      0.03100000      0.02131403      0.02130554      0.02129283      0.02123277      0.02095999
      0.03200000      0.02193366      0.02192475      0.02191061      0.02184404      0.02154793
      0.03300000      0.02254531      0.02253597      0.02252022      0.02244640      0.02212801
      0.03400000      0.02314844      0.02313864      0.02312108      0.02303884      0.02269018
      0.03500000      0.02374245      0.02373216      0.02371256      0.02362162      0.02326211
      0.03600000      0.02432669      0.02431589      0.02429396      0.02419160      0.02378586
      0.03700000      0.02490045      0.02488910      0.02486453      0.02475032      0.02432055
      0.03800000      0.02546295      0.02545102      0.02542343      0.02529513      0.02483101
      0.03900000      0.02601332      0.02600077      0.02596973      0.02582545      0.02532879
      0.04000000      0.02655062      0.02653741      0.02650240      0.02634178      0.02583683
      0.04100000      0.02707381      0.02705987      0.02702027      0.02683682      0.02627903
      0.04200000      0.02758170      0.02756698      0.02752206      0.02731710      0.02675349
      0.04300000      0.02807299      0.02805741      0.02800626      0.02777185      0.02716627
      0.04400000      0.02854620      0.02852969      0.02847121      0.02820542      0.02758089
      0.04500000      0.02899965      0.02898211      0.02891502      0.02861933      0.02801744
      0.04600000      0.02943146      0.02941278      0.02933528      0.02899197      0.02835000
      0.04700000      0.02983944      0.02981948      0.02972968      0.02934844      0.02875172
      0.04800000      0.03022109      0.03019969      0.03009469      0.02965416      0.02905490
      0.04900000      0.03057350      0.03055046      0.03042697      0.02992681      0.02936936
      0.05000000      0.03089323      0.03086832      0.03072310      0.03019268      0.02978860
      0.05100000      0.03117627      0.03114918      0.03097425      0.03033763      0.02994858
      0.05200000      0.03141777      0.03138813      0.03117807      0.03048256      0.03025472
      0.05300000      0.03161190      0.03157924      0.03132366      0.03055482      0.03050700
      0.05400000      0.03175152      0.03171521      0.03139963      0.03054247      0.03070573
      0.05500000      0.03182773      0.03178695      0.03140957      0.03060904      0.03114169
      0.05600000      0.03182929      0.03178291      0.03129346      0.03035055      0.03116957
      0.05700000      0.03174167      0.03168812      0.03107160      0.03014124      0.03139179
      0.05800000      0.03154569      0.03148271      0.03076172      0.03010889      0.03187776
      0.05900000      0.03121525      0.03113941      0.03014122      0.02947370      0.03182803
      0.06000000      0.03071358      0.03061947      0.02939124      0.02912217      0.03212701
      0.06100000      0.02998661      0.02986506      0.02841438      0.02878993      0.03247879
      0.06200000      0.02895014      0.02878420      0.02688249      0.02805215      0.03260309
      0.06300000      0.02746272      0.02721713      0.02541721      0.02786568      0.03307416
      0.06400000      0.02525899      0.02484435      0.02316588      0.02731211      0.03335301
      0.06500000      0.02174418      0.02086121      0.02039607      0.02678324      0.03364498
      0.06600000      0.01498241      0.01278006      0.01970069      0.02734571      0.03437299
      0.06700000      0.00000000      0.00000000      0.01640275      0.02683154      0.03461984
      0.06800000      0.00000000      0.00000000      0.01531293      0.02697757      0.03508792
      0.06900000      0.00000000      0.00000000      0.01954508      0.02855913      0.03606785
      0.07000000      0.01693729      0.01472651      0.01959191      0.02854240      0.03636465
      0.07100000      0.02431603      0.02362688      0.02258988      0.02951167      0.03700774
      0.07200000      0.02883307      0.02853823      0.02719001      0.03164296      0.03815043
      0.07300000      0.03218277      0.03201947      0.02942481      0.03237914      0.03860960
      0.07400000      0.03490008      0.03479759      0.03228378      0.03383869      0.03940308
      0.07500000      0.03722459      0.03715398      0.03523515      0.03593302      0.04059879
      0.07600000      0.03928374      0.03923164      0.03743496      0.03725107      0.04130792
      0.07700000      0.04115304      0.04111249      0.03956820      0.03882685      0.04220789
      0.07800000      0.04288064      0.04284771      0.04160395      0.04066819      0.04338622
      0.07900000      0.04449907      0.04447134      0.04341641      0.04224779      0.04437463
      0.08000000      0.04603119      0.04600712      0.04509808      0.04374688      0.04532171
      0.08100000      0.04749365      0.04747224      0.04670601      0.04536348      0.04647743
      0.08200000      0.04889895      0.04887948      0.04823272      0.04698296      0.04773409
      0.08300000      0.05025665      0.05023862      0.04966675      0.04833815      0.04864064
      0.08400000      0.05157422      0.05155727      0.05105825      0.04979201      0.04978642
      0.08500000      0.05285760      0.05284147      0.05240851      0.05132145      0.05121053
      0.08600000      0.05411160      0.05409609      0.05370551      0.05257850      0.05208053
      0.08700000      0.05534014      0.05532508      0.05497484      0.05391202      0.05321178
      0.08800000      0.05654645      0.05653172      0.05621643      0.05524995      0.05445732
      0.08900000      0.05773324      0.05771875      0.05743210      0.05652907      0.05560316
      0.09000000      0.05890278      0.05888845      0.05862585      0.05776635      0.05668011
      0.09100000      0.06005701      0.06004278      0.05980131      0.05900413      0.05784678
      0.09200000      0.06119759      0.06118340      0.06096061      0.06024933      0.05916158
      0.09300000      0.06232593      0.06231174      0.06210443      0.06141522      0.06015486
      0.09400000      0.06344327      0.06342906      0.06323563      0.06259035      0.06128164
      0.09500000      0.06455069      0.06453642      0.06435530      0.06375688      0.06244974
      0.09600000      0.06564913      0.06563477      0.06546460      0.06491575      0.06366745
      0.09700000      0.06673942      0.06672495      0.06656440      0.06603921      0.06470018
      0.09800000      0.06782228      0.06780769      0.06765583      0.06716297      0.06582165
      0.09900000      0.06889837      0.06888364      0.06873962      0.06827959      0.06697258
      0.10000000      0.06996826      0.06995338      0.06981643      0.06938695      0.06812562
      0.10100000      0.07103248      0.07101743      0.07088687      0.07047744      0.06917779
      0.10200000      0.07209148      0.07207625      0.07195153      0.07156488      0.07028136
      0.10300000      0.07314568      0.07313026      0.07301087      0.07264657      0.07140232
      0.10400000      0.07419546      0.07417984      0.07406533      0.07372270      0.07253831
      0.10500000      0.07524115      0.07522532      0.07511529      0.07478733      0.07357863
      0.10600001      0.07628307      0.07626702      0.07616112      0.07584925      0.07466150
      0.10700001      0.07732149      0.07730522      0.07720312      0.07690668      0.07575238
      0.10800001      0.07835666      0.07834017      0.07824159      0.07796094      0.07687586
      0.10900001      0.07938883      0.07937209      0.07927678      0.07900724      0.07790973
      0.11000001      0.08041820      0.08040122      0.08030894      0.08005090      0.07897074
      0.11100001      0.08144497      0.08142773      0.08133828      0.08109128      0.08003860
      0.11200001      0.08246931      0.08245182      0.08236500      0.08212865      0.08111533
      0.11300001      0.08349140      0.08347364      0.08338927      0.08316286      0.08219034
      0.11400001      0.08451137      0.08449334      0.08441127      0.08419298      0.08322088
      0.11500001      0.08552938      0.08551107      0.08543115      0.08522102      0.08427018
      0.11600001      0.08654555      0.08652696      0.08644905      0.08624667      0.08532153
      0.11700001      0.08755999      0.08754111      0.08746509      0.08727016      0.08637907
      0.11800001      0.08857283      0.08855365      0.08847941      0.08829146      0.08743407
      0.11900001      0.08958416      0.08956468      0.08949210      0.08931012      0.08845680
      0.12000001      0.09059407      0.09057429      0.09050328      0.09032720      0.08949220
      0.12100001      0.09160266      0.09158256      0.09151303      0.09134257      0.09052886
      0.12200001      0.09261001      0.09258959      0.09252145      0.09235634      0.09156667
      0.12300001      0.09361620      0.09359544      0.09352862      0.09336870      0.09261254
      0.12400001      0.09462129      0.09460020      0.09453461      0.09437929      0.09363379
      0.12500001      0.09562535      0.09560392      0.09553949      0.09538854      0.09465415
      0.12600001      0.09662845      0.09660666      0.09654334      0.09639659      0.09567859
      0.12700001      0.09763064      0.09760850      0.09754622      0.09740348      0.09670299
      0.12800001      0.09863198      0.09860947      0.09854817      0.09840926      0.09772755
      0.12900001      0.09963252      0.09960963      0.09954926      0.09941404      0.09875574
      0.13000001      0.10063230      0.10060903      0.10054954      0.10041778      0.09977704
      0.13100001      0.10163138      0.10160772      0.10154905      0.10142048      0.10078654
      0.13200001      0.10262979      0.10260573      0.10254784      0.10242237      0.10180033
      0.13300001      0.10362757      0.10360310      0.10354595      0.10342345      0.10281476
      0.13400001      0.10462477      0.10459988      0.10454342      0.10442377      0.10382873
      0.13500001      0.10562141      0.10559609      0.10554028      0.10542336      0.10484232
      0.13600001      0.10661753      0.10659177      0.10653658      0.10642228      0.10585652
      0.13700001      0.10761315      0.10758694      0.10753233      0.10742056      0.10687238
      0.13800001      0.10860832      0.10858165      0.10852758      0.10841819      0.10788069
      0.13900001      0.10960306      0.10957591      0.10952235      0.10941522      0.10888430
      0.14000001      0.11059739      0.11056975      0.11051667      0.11041173      0.10988966
      0.14100001      0.11159133      0.11156320      0.11151056      0.11140772      0.11089543
      0.14200001      0.11258492      0.11255628      0.11250405      0.11240324      0.11190089
      0.14300001      0.11357817      0.11354900      0.11349716      0.11339830      0.11290585
      0.14400001      0.11457111      0.11454140      0.11448991      0.11439294      0.11391028
      0.14500001      0.11556375      0.11553349      0.11548232      0.11538716      0.11491425
      0.14600001      0.11655611      0.11652528      0.11647441      0.11638100      0.11591794
      0.14700001      0.11754821      0.11751680      0.11746620      0.11737448      0.11692154
      0.14800001      0.11854008      0.11850805      0.11845771      0.11836762      0.11792512
      0.14900001      0.11953171      0.11949907      0.11944894      0.11936043      0.11892794
      0.15000001      0.12052314      0.12048985      0.12043992      0.12035292      0.11992865
      0.15100001      0.12151437      0.12148042      0.12143065      0.12134512      0.12092736
      0.15200001      0.12250542      0.12247079      0.12242116      0.12233703      0.12192525
      0.15300001      0.12349630      0.12346097      0.12341146      0.12332869      0.12292294
      0.15400001      0.12448702      0.12445097      0.12440155      0.12432011      0.12392052
      0.15500001      0.12547760      0.12544080      0.12539145      0.12531129      0.12491793
      0.15600001      0.12646805      0.12643048      0.12638116      0.12630225      0.12591512
      0.15700001      0.12745839      0.12742001      0.12737071      0.12729300      0.12691205
      0.15800001      0.12844861      0.12840941      0.12836009      0.12828355      0.12790872
      0.15900001      0.12943873      0.12939868      0.12934932      0.12927392      0.12890514
      0.16000001      0.13042877      0.13038782      0.13033840      0.13026411      0.12990134
      0.16100001      0.13141873      0.13137686      0.13132735      0.13125413      0.13089735
      0.16200001      0.13240863      0.13236580      0.13231617      0.13224399      0.13189326
      0.16300001      0.13339846      0.13335464      0.13330486      0.13323370      0.13288917
      0.16400001      0.13438825      0.13434340      0.13429344      0.13422326      0.13388518
      0.16500001      0.13537800      0.13533208      0.13528191      0.13521269      0.13488124
      0.16600001      0.13636773      0.13632068      0.13627027      0.13620200      0.13587675
      0.16700001      0.13735743      0.13730922      0.13725854      0.13719117      0.13687044
      0.16800001      0.13834713      0.13829770      0.13824671      0.13818021      0.13786218
      0.16900001      0.13933683      0.13928612      0.13923479      0.13916914      0.13885349
      0.17000001      0.14032654      0.14027450      0.14022279      0.14015798      0.13984523
      0.17100001      0.14131627      0.14126284      0.14121071      0.14114671      0.14083743
      0.17200001      0.14230603      0.14225115      0.14219856      0.14213535      0.14182995
      0.17300001      0.14329583      0.14323942      0.14318633      0.14312390      0.14282278
      0.17400001      0.14428570      0.14422768      0.14417404      0.14411237      0.14381617
      0.17500001      0.14527562      0.14521592      0.14516168      0.14510078      0.14481102
      0.17600001      0.14626564      0.14620416      0.14614926      0.14608912      0.14580903
      0.17700001      0.14725574      0.14719239      0.14713679      0.14707737      0.14680255
      0.17800001      0.14824596      0.14818063      0.14812426      0.14806549      0.14778806
      0.17900001      0.14923631      0.14916888      0.14911167      0.14905356      0.14877693
      0.18000001      0.15022680      0.15015716      0.15009904      0.15004160      0.14976842
      0.18100001      0.15121746      0.15114546      0.15108636      0.15102960      0.15076294
      0.18200001      0.15220831      0.15213381      0.15207364      0.15201763      0.15176508
      0.18300001      0.15319937      0.15312221      0.15306088      0.15300548      0.15275416
      0.18400001      0.15419068      0.15411067      0.15404808      0.15399321      0.15373660
      0.18500001      0.15518227      0.15509920      0.15503525      0.15498099      0.15472741
      0.18600001      0.15617416      0.15608783      0.15602238      0.15596886      0.15572809
      0.18700001      0.15716642      0.15707657      0.15700948      0.15695674      0.15673125
      0.18800001      0.15815907      0.15806543      0.15799656      0.15794417      0.15770471
      0.18900001      0.15915219      0.15905444      0.15898362      0.15893185      0.15869618
      0.19000001      0.16014584      0.16004364      0.15997066      0.15992003      0.15971321
      0.19100001      0.16114009      0.16103303      0.16095769      0.16090740      0.16069040
      0.19200001      0.16213504      0.16202268      0.16194472      0.16189491      0.16167314
      0.19300001      0.16313081      0.16301262      0.16293175      0.16288366      0.16270049
      0.19400001      0.16412752      0.16400290      0.16391879      0.16387085      0.16367217
      0.19500001      0.16512536      0.16499360      0.16490586      0.16485870      0.16466026
      0.19600001      0.16612452      0.16598481      0.16589297      0.16584935      0.16571408
      0.19700001      0.16712526      0.16697662      0.16688014      0.16683516      0.16664958
      0.19800001      0.16812791      0.16796918      0.16786742      0.16782814      0.16771480
      0.19900001      0.16913291      0.16896267      0.16885483      0.16881413      0.16865820
      0.20000001      0.17014081      0.16995733      0.16984246      0.16981031      0.16972271
      0.20100001      0.17115236      0.17095350      0.17083035      0.17079746      0.17067560
      0.20200001      0.17216859      0.17195162      0.17181882      0.17180639      0.17179525
      0.20300001      0.17319094      0.17295236      0.17280778      0.17278940      0.17269723
      0.20400001      0.17422154      0.17395669      0.17379855      0.17383298      0.17392743
      0.20500001      0.17526355      0.17496612      0.17479065      0.17481957      0.17479888
      0.20600001      0.17632204      0.17598312      0.17578687      0.17584943      0.17584965
      0.20700001      0.17740551      0.17701197      0.17679941      0.17703787      0.17720751
      0.20800001      0.17852943      0.17806075      0.17782824      0.17810163      0.17811424
      0.20900001      0.17972508      0.17914667      0.17889600      0.17917974      0.17905268
      0.21000001      0.18106605      0.18031281      0.18010686      0.18046868      0.18019155
      0.21100001      0.18277150      0.18170059      0.18176666      0.18204528      0.18144450
      0.21200001      0.18583910      0.18412078      0.18438115      0.18374220      0.18266161
      0.21300001      0.20184462      0.19404861      0.18710690      0.18509982      0.18372618
      0.21400001      0.18202861      0.18575098      0.18704862      0.18579554      0.18462173
      0.21500001      0.18322880      0.18468332      0.18601388      0.18617428      0.18549206
      0.21600001      0.18456122      0.18548427      0.18612553      0.18678192      0.18659012
      0.21700001      0.18576944      0.18644691      0.18677755      0.18722977      0.18737902
      0.21800001      0.18690303      0.18743858      0.18765841      0.18785893      0.18812953
      0.21900001      0.18799283      0.18843591      0.18861050      0.18866889      0.18886130
      0.22000001      0.18905536      0.18943340      0.18958135      0.18958072      0.18968524
      0.22100001      0.19009991      0.19042972      0.19055860      0.19053386      0.19054952
      0.22200001      0.19113200      0.19142462      0.19153874      0.19150475      0.19143324
      0.22300001      0.19215514      0.19241819      0.19252042      0.19248358      0.19235596
      0.22400001      0.19317160      0.19341060      0.19350303      0.19346542      0.19329734
      0.22500001      0.19418297      0.19440201      0.19448621      0.19444845      0.19427132
      0.22600001      0.19519035      0.19539257      0.19546975      0.19543204      0.19525428
      0.22700001      0.19619456      0.19638240      0.19645354      0.19641596      0.19623868
      0.22800001      0.19719618      0.19737160      0.19743748      0.19740007      0.19722366
      0.22900001      0.19819568      0.19836025      0.19842150      0.19838431      0.19820893
      0.23000001      0.19919340      0.19934842      0.19940558      0.19936860      0.19919435
      0.23100001      0.20018962      0.20033616      0.20038968      0.20035293      0.20017983
      0.23200001      0.20118455      0.20132352      0.20137377      0.20133726      0.20116534
      0.23300001      0.20217837      0.20231053      0.20235784      0.20232156      0.20215083
      0.23400001      0.20317122      0.20329723      0.20334187      0.20330583      0.20313628
      0.23500001      0.20416321      0.20428364      0.20432586      0.20429005      0.20412167
      0.23600001      0.20515445      0.20526979      0.20530979      0.20527422      0.20510700
      0.23700001      0.20614501      0.20625568      0.20629365      0.20625831      0.20609225
      0.23800001      0.20713496      0.20724134      0.20727745      0.20724234      0.20707741
      0.23900001      0.20812435      0.20822678      0.20826117      0.20822628      0.20806248
      0.24000001      0.20911324      0.20921201      0.20924480      0.20921015      0.20904745
      0.24100001      0.21010167      0.21019703      0.21022835      0.21019392      0.21003232
      0.24200001      0.21108966      0.21118186      0.21121181      0.21117760      0.21101708
      0.24300001      0.21207725      0.21216650      0.21219517      0.21216118      0.21200173
      0.24400001      0.21306447      0.21315097      0.21317844      0.21314466      0.21298626
      0.24500001      0.21405134      0.21413525      0.21416161      0.21412803      0.21397068
      0.24600001      0.21503788      0.21511935      0.21514467      0.21511130      0.21495497
      0.24700001      0.21602410      0.21610329      0.21612762      0.21609446      0.21593915
      0.24800001      0.21701002      0.21708706      0.21711046      0.21707751      0.21692319
      0.24900001      0.21799565      0.21807066      0.21809319      0.21806044      0.21790710
