      1.29999995     -0.00000280     -0.02473884      29
      1.39999995      0.00000336     -0.02473884      15
      1.49999996     -0.00000400     -0.02473884       9
      1.59999996      0.00000475     -0.02473884       9
      1.69999996      0.00000563     -0.02473884      12
      1.79999996      0.00000666     -0.02473884      17
      1.89999996      0.00000788     -0.02473884      21
      1.99999996      0.00000934     -0.02473884      27
      2.09999996      0.00001111     -0.02473884      32
      2.19999997      0.00001329     -0.02473884      39
      2.29999997      0.00001604     -0.02473884      47
      2.39999997      0.00001959     -0.02473884      57
      2.49999997      0.00002433     -0.02473884      69
      2.59999997      0.00003095     -0.02473884      84
      2.69999997      0.00004076     -0.02473884     105
      2.79999997      0.00005648     -0.02473884     133
      2.89999998      0.00008427     -0.02473884     170
      2.99999998      0.00013731     -0.02473884     213
      3.09999998      0.00023842     -0.02473884     252
      3.19999998      0.00042315     -0.02473884     287
      3.29999998      0.00074698     -0.02473884     317
      3.39999998      0.00128925     -0.02473884     342
      3.49999999      0.00215647     -0.02473884     362
      3.59999999      0.00348526     -0.02473884     380
      3.69999999      0.00544404     -0.02473884     394
      3.79999999      0.00823285     -0.02473884     407
      3.89999999      0.01208156     -0.02473885     419
      3.99999999      0.01724619     -0.02473886     428
      4.09999999      0.02400368     -0.02473888     437
      4.20000000      0.03264540     -0.02473891     444
      4.30000000      0.04346953     -0.02473897     451
      4.40000000      0.05677261     -0.02473906     456
      4.50000000      0.07284040     -0.02473920     460
      4.60000000      0.09193853     -0.02473942     463
      4.70000000      0.11430285     -0.02473974     465
      4.80000000      0.14013019     -0.02474019     466
      4.90000001      0.16956992     -0.02474083     465
      5.00000001      0.20271691     -0.02474169     463
      5.10000001      0.23960691     -0.02474284     459
      5.20000001      0.28021487     -0.02474433     453
      5.30000001      0.32445707     -0.02474624     445
      5.40000001      0.37219697     -0.02474863     433
      5.50000001      0.42325469     -0.02475159     414
      5.60000002      0.47741910     -0.02475517     371
      5.70000002      0.53446047     -0.02475946     383
      5.80000002      0.59414623     -0.02476453     414
      5.90000002      0.65624871     -0.02477043     428
      6.00000002      0.72055701     -0.02477723     436
      6.10000002      0.78688271     -0.02478499     442
      6.20000003      0.85506346     -0.02479375     447
      6.30000003      0.92496426     -0.02480356     451
      6.40000003      0.99647684     -0.02481446     454
      6.50000003      1.06951784     -0.02482649     458
      6.60000003      1.14402616     -0.02483967     462
      6.70000003      1.21996012     -0.02485404     465
      6.80000003      1.29729455     -0.02486962     470
      6.90000004      1.37601794     -0.02488643     474
      7.00000004      1.45613002     -0.02490450     479
      7.10000004      1.53763953     -0.02492384     484
      7.20000004      1.62056233     -0.02494447     490
      7.30000004      1.70491982     -0.02496641     496
      7.40000004      1.79073766     -0.02498968     503
      7.50000004      1.87804464     -0.02501429     510
      7.60000005      1.96687181     -0.02504027     517
      7.70000005      2.05725181     -0.02506762     525
      7.80000005      2.14921824     -0.02509636     533
      7.90000005      2.24280523     -0.02512651     542
      8.00000005      2.33804704     -0.02515809     550
      8.10000005      2.43497786     -0.02519111     560
      8.20000006      2.53363142     -0.02522559     569
      8.30000006      2.63404098     -0.02526155     579
      8.40000006      2.73623907     -0.02529901     589
      8.50000006      2.84025742     -0.02533798     600
      8.60000006      2.94612688     -0.02537849     611
      8.70000006      3.05387736     -0.02542055     622
      8.80000006      3.16353774     -0.02546418     633
      8.90000007      3.27513590     -0.02550941     644
      9.00000007      3.38869867     -0.02555624     656
      9.10000007      3.50425176     -0.02560471     668
      9.20000007      3.62181985     -0.02565484     681
      9.30000007      3.74142650     -0.02570664     693
      9.40000007      3.86309422     -0.02576013     706
      9.50000007      3.98684441     -0.02581535     719
      9.60000008      4.11269742     -0.02587230     732
      9.70000008      4.24067255     -0.02593102     746
      9.80000008      4.37078801     -0.02599152     759
      9.90000008      4.50306103     -0.02605383     773
     10.00000008      4.63750779     -0.02611796     787
     10.10000008      4.77414346     -0.02618395     801
     10.20000008      4.91298224     -0.02625181     815
     10.30000009      5.05403736     -0.02632157     830
     10.40000009      5.19732108     -0.02639324     844
     10.50000009      5.34284475     -0.02646686     859
     10.60000009      5.49061878     -0.02654244     874
     10.70000009      5.64065271     -0.02662000     889
     10.80000009      5.79295518     -0.02669957     904
     10.90000010      5.94753400     -0.02678118     920
     11.00000010      6.10439611     -0.02686484     935
     11.10000010      6.26354766     -0.02695057     951
     11.20000010      6.42499397     -0.02703839     966
     11.30000010      6.58873964     -0.02712834     982
     11.40000010      6.75478846     -0.02722042     998
     11.50000010      6.92314350     -0.02731467    1014
     11.60000011      7.09380713     -0.02741110    1031
     11.70000011      7.26678099     -0.02750972    1047
     11.80000011      7.44206607     -0.02761058    1063
     11.90000011      7.61966273     -0.02771367    1080
     12.00000011      7.79957063     -0.02781903    1096
     12.10000011      7.98178888     -0.02792666    1113
     12.20000011      8.16631598     -0.02803660    1130
     12.30000012      8.35314982     -0.02814886    1147
     12.40000012      8.54228780     -0.02826346    1164
     12.50000012      8.73372673     -0.02838042    1181
     12.60000012      8.92746296     -0.02849975    1198
     12.70000012      9.12349231     -0.02862147    1215
     12.80000012      9.32181017     -0.02874560    1233
     12.90000013      9.52241142     -0.02887216    1250
     13.00000013      9.72529056     -0.02900116    1267
     13.10000013      9.93044166     -0.02913262    1285
     13.20000013     10.13785840     -0.02926655    1303
     13.30000013     10.34753408     -0.02940297    1320
     13.40000013     10.55946165     -0.02954190    1338
     13.50000013     10.77363374     -0.02968334    1356
     13.60000014     10.99004263     -0.02982732    1374
     13.70000014     11.20868032     -0.02997384    1392
     13.80000014     11.42953854     -0.03012293    1410
     13.90000014     11.65260875     -0.03027458    1428
     14.00000014     11.87788214     -0.03042881    1446
     14.10000014     12.10534972     -0.03058565    1464
     14.20000014     12.33500224     -0.03074509    1482
     14.30000015     12.56683028     -0.03090714    1501
     14.40000015     12.80082424     -0.03107183    1519
     14.50000015     13.03697436     -0.03123915    1538
     14.60000015     13.27527070     -0.03140912    1556
     14.70000015     13.51570325     -0.03158175    1575
     14.80000015     13.75826180     -0.03175705    1593
     14.90000015     14.00293612     -0.03193502    1612
     15.00000016     14.24971584     -0.03211567    1631
     15.10000016     14.49859051     -0.03229902    1650
     15.20000016     14.74954965     -0.03248506    1669
     15.30000016     15.00258270     -0.03267380    1688
     15.40000016     15.25767906     -0.03286526    1706
     15.50000016     15.51482815     -0.03305944    1726
     15.60000017     15.77401931     -0.03325633    1745
     15.70000017     16.03524192     -0.03345596    1764
     15.80000017     16.29848536     -0.03365832    1783
     15.90000017     16.56373901     -0.03386342    1802
     16.00000017     16.83099231     -0.03407126    1822
     16.10000017     17.10023468     -0.03428184    1841
     16.20000017     17.37145565     -0.03449518    1860
     16.30000018     17.64464478     -0.03471127    1880
     16.40000018     17.91979167     -0.03493011    1899
     16.50000018     18.19688602     -0.03515171    1919
     16.60000018     18.47591758     -0.03537607    1939
     16.70000018     18.75687621     -0.03560320    1958
     16.80000018     19.03975186     -0.03583309    1978
     16.90000018     19.32453457     -0.03606574    1998
     17.00000019     19.61121447     -0.03630116    2018
     17.10000019     19.89978182     -0.03653935    2038
     17.20000019     20.19022698     -0.03678030    2058
     17.30000019     20.48254044     -0.03702403    2078
     17.40000019     20.77671282     -0.03727052    2098
     17.50000019     21.07273484     -0.03751978    2118
     17.60000020     21.37059740     -0.03777180    2139
     17.70000020     21.67029146     -0.03802659    2159
     17.80000020     21.97180820     -0.03828415    2180
     17.90000020     22.27513888     -0.03854447    2200
     18.00000020     22.58027495     -0.03880756    2221
     18.10000020     22.88720795     -0.03907340    2241
     18.20000020     23.19592965     -0.03934201    2262
     18.30000021     23.50643189     -0.03961337    2283
     18.40000021     23.81870669     -0.03988748    2303
     18.50000021     24.13274625     -0.04016435    2324
     18.60000021     24.44854289     -0.04044397    2345
     18.70000021     24.76608910     -0.04072633    2366
     18.80000021     25.08537752     -0.04101144    2387
     18.90000021     25.40640095     -0.04129929    2409
     19.00000022     25.72915233     -0.04158988    2430
     19.10000022     26.05362477     -0.04188320    2451
     19.20000022     26.37981156     -0.04217926    2473
     19.30000022     26.70770610     -0.04247804    2494
     19.40000022     27.03730197     -0.04277954    2516
     19.50000022     27.36859290     -0.04308376    2537
     19.60000023     27.70157278     -0.04339070    2559
     19.70000023     28.03623564     -0.04370035    2581
     19.80000023     28.37257567     -0.04401271    2603
     19.90000023     28.71058721     -0.04432777    2625
