      0.00100000      0.00098463      0.00093701      0.00085174      0.00071549      0.00048722
      0.00200000      0.00196925      0.00187398      0.00170340      0.00143082      0.00097408
      0.00300000      0.00295386      0.00281090      0.00255492      0.00214585      0.00146024
      0.00400000      0.00393845      0.00374773      0.00340623      0.00286042      0.00194534
      0.00500000      0.00492301      0.00468445      0.00425724      0.00357437      0.00242903
      0.00600000      0.00590753      0.00562101      0.00510788      0.00428755      0.00291093
      0.00700000      0.00689202      0.00655740      0.00595809      0.00499979      0.00339069
      0.00800000      0.00787645      0.00749358      0.00680778      0.00571094      0.00386791
      0.00900000      0.00886082      0.00842952      0.00765688      0.00642084      0.00434223
      0.01000000      0.00984514      0.00936519      0.00850530      0.00712931      0.00481324
      0.01100000      0.01082938      0.01030056      0.00935298      0.00783618      0.00528053
      0.01200000      0.01181353      0.01123559      0.01019982      0.00854128      0.00574368
      0.01300000      0.01279761      0.01217025      0.01104575      0.00924443      0.00620226
      0.01400000      0.01378158      0.01310450      0.01189067      0.00994545      0.00665581
      0.01500000      0.01476545      0.01403832      0.01273450      0.01064413      0.00710386
      0.01600000      0.01574921      0.01497166      0.01357714      0.01134029      0.00754592
      0.01700000      0.01673285      0.01590448      0.01441851      0.01203371      0.00798145
      0.01800000      0.01771635      0.01683675      0.01525849      0.01272419      0.00840992
      0.01900000      0.01869971      0.01776843      0.01609700      0.01341151      0.00883074
      0.02000000      0.01968293      0.01869947      0.01693393      0.01409542      0.00924331
      0.02100000      0.02066598      0.01962983      0.01776916      0.01477568      0.00964696
      0.02200000      0.02164885      0.02055946      0.01860258      0.01545205      0.01004100
      0.02300000      0.02263155      0.02148832      0.01943406      0.01612425      0.01042469
      0.02400000      0.02361405      0.02241635      0.02026349      0.01679200      0.01079723
      0.02500000      0.02459634      0.02334351      0.02109072      0.01745500      0.01115776
      0.02600000      0.02557841      0.02426973      0.02191562      0.01811294      0.01150533
      0.02700000      0.02656024      0.02519496      0.02273803      0.01876547      0.01183895
      0.02800000      0.02754183      0.02611913      0.02355780      0.01941224      0.01215750
      0.02900000      0.02852315      0.02704218      0.02437475      0.02005287      0.01245978
      0.03000000      0.02950419      0.02796404      0.02518872      0.02068695      0.01274447
      0.03100000      0.03048492      0.02888463      0.02599951      0.02131403      0.01301009
      0.03200000      0.03146534      0.02980388      0.02680691      0.02193366      0.01325503
      0.03300000      0.03244543      0.03072170      0.02761071      0.02254531      0.01347747
      0.03400000      0.03342515      0.03163799      0.02841067      0.02314844      0.01367539
      0.03500000      0.03440449      0.03255267      0.02920653      0.02374245      0.01384649
      0.03600000      0.03538343      0.03346561      0.02999801      0.02432669      0.01398817
      0.03700000      0.03636193      0.03437671      0.03078483      0.02490045      0.01409745
      0.03800000      0.03733996      0.03528584      0.03156665      0.02546295      0.01417092
      0.03900000      0.03831750      0.03619286      0.03234312      0.02601332      0.01420458
      0.04000000      0.03929451      0.03709763      0.03311384      0.02655062      0.01419373
      0.04100000      0.04027095      0.03799997      0.03387839      0.02707381      0.01413280
      0.04200000      0.04124678      0.03889971      0.03463628      0.02758170      0.01401507
      0.04300000      0.04222195      0.03979665      0.03538700      0.02807299      0.01383229
      0.04400000      0.04319642      0.04069056      0.03612995      0.02854620      0.01357417
      0.04500000      0.04417011      0.04158119      0.03686446      0.02899965      0.01322756
      0.04600000      0.04514298      0.04246826      0.03758981      0.02943146      0.01277515
      0.04700000      0.04611493      0.04335145      0.03830513      0.02983944      0.01219326
      0.04800000      0.04708590      0.04423041      0.03900948      0.03022109      0.01144788
      0.04900000      0.04805579      0.04510471      0.03970174      0.03057350      0.01048649
      0.05000000      0.04902448      0.04597389      0.04038063      0.03089323      0.00921885
      0.05100000      0.04999185      0.04683738      0.04104467      0.03117627      0.00745816
      0.05200000      0.05095775      0.04769454      0.04169209      0.03141777      0.00461588
      0.05300000      0.05192201      0.04854460      0.04232081      0.03161190      0.00000000
      0.05400000      0.05288440      0.04938664      0.04292831      0.03175152      0.00000000
      0.05500000      0.05384469      0.05021953      0.04351152      0.03182773      0.00000000
      0.05600000      0.05480255      0.05104191      0.04406666      0.03182929      0.00000000
      0.05700000      0.05575759      0.05185204      0.04458896      0.03174167      0.00000000
      0.05800000      0.05670931      0.05264773      0.04507229      0.03154569      0.00000000
      0.05900000      0.05765707      0.05342610      0.04550860      0.03121525      0.00000000
      0.06000000      0.05859998      0.05418331      0.04588704      0.03071358      0.00000000
      0.06100000      0.05953686      0.05491402      0.04619238      0.02998661      0.00000000
      0.06200000      0.06046596      0.05561050      0.04640245      0.02895014      0.00000000
      0.06300000      0.06138465      0.05626100      0.04648307      0.02746272      0.00000000
      0.06400000      0.06228865      0.05684632      0.04637763      0.02525899      0.00000000
      0.06500000      0.06317031      0.05733195      0.04598253      0.02174418      0.00000000
      0.06600000      0.06401390      0.05764650      0.04507789      0.01498241      0.00000000
      0.06700000      0.06477903      0.05760460      0.04306858      0.00000000      0.00000000
      0.06800000      0.06530685      0.05646184      0.03732108      0.00000000      0.00000000
      0.06900000      0.06673435      0.05942132      0.04464594      0.00000000      0.00000000
      0.07000000      0.06790935      0.06121044      0.04801162      0.01693729      0.00000000
      0.07100000      0.06901371      0.06267829      0.05037883      0.02431603      0.00000000
      0.07200000      0.07008537      0.06399873      0.05230327      0.02883307      0.00000000
      0.07300000      0.07113839      0.06523560      0.05398181      0.03218277      0.00000000
      0.07400000      0.07217947      0.06641916      0.05550571      0.03490008      0.00000000
      0.07500000      0.07321231      0.06756603      0.05692431      0.03722459      0.00000000
      0.07600000      0.07423915      0.06868627      0.05826712      0.03928374      0.00000000
      0.07700000      0.07526145      0.06978641      0.05955310      0.04115304      0.00000000
      0.07800000      0.07628022      0.07087092      0.06079512      0.04288064      0.00000000
      0.07900000      0.07729617      0.07194298      0.06200227      0.04449907      0.00000000
      0.08000000      0.07830983      0.07300492      0.06318120      0.04603119      0.00000000
      0.08100000      0.07932160      0.07405851      0.06433692      0.04749365      0.00000000
      0.08200000      0.08033178      0.07510511      0.06547326      0.04889895      0.00000000
      0.08300000      0.08134062      0.07614580      0.06659325      0.05025665      0.00844933
      0.08400000      0.08234831      0.07718144      0.06769929      0.05157422      0.01367819
      0.08500000      0.08335502      0.07821274      0.06879332      0.05285760      0.01736222
      0.08600000      0.08436086      0.07924025      0.06987694      0.05411160      0.02036792
      0.08700000      0.08536596      0.08026446      0.07095147      0.05534014      0.02297046
      0.08800000      0.08637039      0.08128577      0.07201802      0.05654645      0.02530010
      0.08900000      0.08737424      0.08230451      0.07307750      0.05773324      0.02743078
      0.09000000      0.08837758      0.08332098      0.07413073      0.05890278      0.02940922
      0.09100000      0.08938046      0.08433541      0.07517837      0.06005701      0.03126710
      0.09200000      0.09038292      0.08534803      0.07622102      0.06119759      0.03302708
      0.09300000      0.09138501      0.08635902      0.07725918      0.06232593      0.03470593
      0.09400000      0.09238678      0.08736855      0.07829330      0.06344327      0.03631650
      0.09500000      0.09338824      0.08837674      0.07932376      0.06455069      0.03786884
      0.09600000      0.09438943      0.08938374      0.08035090      0.06564913      0.03937099
      0.09700000      0.09539037      0.09038965      0.08137504      0.06673942      0.04082947
      0.09800000      0.09639109      0.09139456      0.08239643      0.06782228      0.04224965
      0.09900000      0.09739161      0.09239858      0.08341533      0.06889837      0.04363601
      0.10000000      0.09839194      0.09340177      0.08443194      0.06996826      0.04499232
      0.10100000      0.09939210      0.09440421      0.08544645      0.07103248      0.04632178
      0.10200000      0.10039211      0.09540595      0.08645904      0.07209148      0.04762715
      0.10300000      0.10139197      0.09640707      0.08746986      0.07314568      0.04891080
      0.10400000      0.10239171      0.09740761      0.08847906      0.07419546      0.05017478
      0.10500000      0.10339132      0.09840761      0.08948676      0.07524115      0.05142091
      0.10600001      0.10439083      0.09940713      0.09049308      0.07628307      0.05265076
      0.10700001      0.10539024      0.10040619      0.09149813      0.07732149      0.05386575
      0.10800001      0.10638955      0.10140484      0.09250200      0.07835666      0.05506709
      0.10900001      0.10738878      0.10240311      0.09350477      0.07938883      0.05625592
      0.11000001      0.10838793      0.10340103      0.09450654      0.08041820      0.05743320
      0.11100001      0.10938701      0.10439862      0.09550738      0.08144497      0.05859984
      0.11200001      0.11038603      0.10539591      0.09650735      0.08246931      0.05975663
      0.11300001      0.11138498      0.10639292      0.09750651      0.08349140      0.06090429
      0.11400001      0.11238388      0.10738968      0.09850493      0.08451137      0.06204348
      0.11500001      0.11338273      0.10838621      0.09950266      0.08552938      0.06317478
      0.11600001      0.11438153      0.10938251      0.10049975      0.08654555      0.06429875
      0.11700001      0.11538029      0.11037862      0.10149624      0.08755999      0.06541588
      0.11800001      0.11637901      0.11137454      0.10249217      0.08857283      0.06652661
      0.11900001      0.11737769      0.11237029      0.10348759      0.08958416      0.06763136
      0.12000001      0.11837633      0.11336588      0.10448253      0.09059407      0.06873052
      0.12100001      0.11937495      0.11436133      0.10547702      0.09160266      0.06982442
      0.12200001      0.12037354      0.11535664      0.10647111      0.09261001      0.07091340
      0.12300001      0.12137211      0.11635183      0.10746480      0.09361620      0.07199774
      0.12400001      0.12237065      0.11734691      0.10845814      0.09462129      0.07307774
      0.12500001      0.12336917      0.11834189      0.10945115      0.09562535      0.07415364
      0.12600001      0.12436767      0.11933677      0.11044386      0.09662845      0.07522567
      0.12700001      0.12536615      0.12033157      0.11143627      0.09763064      0.07629406
      0.12800001      0.12636462      0.12132629      0.11242843      0.09863198      0.07735901
      0.12900001      0.12736308      0.12232093      0.11342034      0.09963252      0.07842072
      0.13000001      0.12836152      0.12331552      0.11441202      0.10063230      0.07947936
      0.13100001      0.12935995      0.12431004      0.11540349      0.10163138      0.08053509
      0.13200001      0.13035838      0.12530451      0.11639477      0.10262979      0.08158808
      0.13300001      0.13135679      0.12629893      0.11738587      0.10362757      0.08263846
      0.13400001      0.13235520      0.12729331      0.11837681      0.10462477      0.08368637
      0.13500001      0.13335360      0.12828765      0.11936759      0.10562141      0.08473194
      0.13600001      0.13435199      0.12928196      0.12035824      0.10661753      0.08577529
      0.13700001      0.13535038      0.13027624      0.12134876      0.10761315      0.08681653
      0.13800001      0.13634877      0.13127050      0.12233916      0.10860832      0.08785577
      0.13900001      0.13734716      0.13226473      0.12332946      0.10960306      0.08889310
      0.14000001      0.13834554      0.13325895      0.12431966      0.11059739      0.08992863
      0.14100001      0.13934392      0.13425315      0.12530978      0.11159133      0.09096243
      0.14200001      0.14034230      0.13524734      0.12629982      0.11258492      0.09199460
      0.14300001      0.14134069      0.13624152      0.12728978      0.11357817      0.09302520
      0.14400001      0.14233907      0.13723570      0.12827969      0.11457111      0.09405432
      0.14500001      0.14333745      0.13822987      0.12926954      0.11556375      0.09508203
      0.14600001      0.14433584      0.13922404      0.13025935      0.11655611      0.09610839
      0.14700001      0.14533423      0.14021821      0.13124911      0.11754821      0.09713346
      0.14800001      0.14633262      0.14121239      0.13223884      0.11854008      0.09815731
      0.14900001      0.14733102      0.14220657      0.13322854      0.11953171      0.09917999
      0.15000001      0.14832942      0.14320076      0.13421821      0.12052314      0.10020156
      0.15100001      0.14932782      0.14419496      0.13520787      0.12151437      0.10122207
      0.15200001      0.15032623      0.14518917      0.13619751      0.12250542      0.10224157
      0.15300001      0.15132464      0.14618340      0.13718715      0.12349630      0.10326010
      0.15400001      0.15232306      0.14717764      0.13817678      0.12448702      0.10427771
      0.15500001      0.15332149      0.14817189      0.13916642      0.12547760      0.10529444
      0.15600001      0.15431992      0.14916616      0.14015606      0.12646805      0.10631033
      0.15700001      0.15531836      0.15016045      0.14114571      0.12745839      0.10732543
      0.15800001      0.15631680      0.15115477      0.14213537      0.12844861      0.10833977
      0.15900001      0.15731525      0.15214910      0.14312505      0.12943873      0.10935339
      0.16000001      0.15831371      0.15314346      0.14411475      0.13042877      0.11036632
      0.16100001      0.15931218      0.15413784      0.14510448      0.13141873      0.11137859
      0.16200001      0.16031065      0.15513224      0.14609424      0.13240863      0.11239025
      0.16300001      0.16130913      0.15612668      0.14708403      0.13339846      0.11340131
      0.16400001      0.16230762      0.15712114      0.14807385      0.13438825      0.11441182
      0.16500001      0.16330612      0.15811563      0.14906371      0.13537800      0.11542180
      0.16600001      0.16430463      0.15911015      0.15005362      0.13636773      0.11643129
      0.16700001      0.16530315      0.16010471      0.15104358      0.13735743      0.11744030
      0.16800001      0.16630168      0.16109930      0.15203358      0.13834713      0.11844888
      0.16900001      0.16730022      0.16209392      0.15302365      0.13933683      0.11945704
      0.17000001      0.16829876      0.16308858      0.15401377      0.14032654      0.12046483
      0.17100001      0.16929732      0.16408328      0.15500395      0.14131627      0.12147226
      0.17200001      0.17029589      0.16507802      0.15599420      0.14230603      0.12247936
      0.17300001      0.17129447      0.16607280      0.15698453      0.14329583      0.12348618
      0.17400001      0.17229307      0.16706763      0.15797493      0.14428570      0.12449273
      0.17500001      0.17329167      0.16806250      0.15896542      0.14527562      0.12549904
      0.17600001      0.17429029      0.16905742      0.15995600      0.14626564      0.12650516
      0.17700001      0.17528892      0.17005239      0.16094667      0.14725574      0.12751111
      0.17800001      0.17628757      0.17104742      0.16193745      0.14824596      0.12851692
      0.17900001      0.17728623      0.17204250      0.16292834      0.14923631      0.12952265
      0.18000001      0.17828491      0.17303764      0.16391935      0.15022680      0.13052831
      0.18100001      0.17928360      0.17403285      0.16491049      0.15121746      0.13153397
      0.18200001      0.18028232      0.17502813      0.16590177      0.15220831      0.13253966
      0.18300001      0.18128105      0.17602348      0.16689320      0.15319937      0.13354544
      0.18400001      0.18227980      0.17701891      0.16788480      0.15419068      0.13455137
      0.18500001      0.18327858      0.17801443      0.16887659      0.15518227      0.13555750
      0.18600001      0.18427738      0.17901004      0.16986858      0.15617416      0.13656390
      0.18700001      0.18527620      0.18000576      0.17086079      0.15716642      0.13757067
      0.18800001      0.18627506      0.18100159      0.17185325      0.15815907      0.13857788
      0.18900001      0.18727394      0.18199755      0.17284599      0.15915219      0.13958565
      0.19000001      0.18827286      0.18299365      0.17383905      0.16014584      0.14059409
      0.19100001      0.18927183      0.18398990      0.17483245      0.16114009      0.14160336
      0.19200001      0.19027083      0.18498634      0.17582626      0.16213504      0.14261361
      0.19300001      0.19126989      0.18598298      0.17682053      0.16313081      0.14362505
      0.19400001      0.19226900      0.18697985      0.17781532      0.16412752      0.14463793
      0.19500001      0.19326818      0.18797699      0.17881074      0.16512536      0.14565253
      0.19600001      0.19426744      0.18897445      0.17980688      0.16612452      0.14666923
      0.19700001      0.19526679      0.18997228      0.18080388      0.16712526      0.14768849
      0.19800001      0.19626625      0.19097055      0.18180192      0.16812791      0.14871089
      0.19900001      0.19726584      0.19196937      0.18280121      0.16913291      0.14973717
      0.20000001      0.19826560      0.19296885      0.18380205      0.17014081      0.15076831
      0.20100001      0.19926556      0.19396916      0.18480483      0.17115236      0.15180563
      0.20200001      0.20026577      0.19497053      0.18581009      0.17216859      0.15285093
      0.20300001      0.20126633      0.19597329      0.18681859      0.17319094      0.15390674
      0.20400001      0.20226734      0.19697789      0.18783143      0.17422154      0.15497672
      0.20500001      0.20326897      0.19798505      0.18885028      0.17526355      0.15606645
      0.20600001      0.20427150      0.19899590      0.18987779      0.17632204      0.15718471
      0.20700001      0.20527539      0.20001233      0.19091842      0.17740551      0.15834631
      0.20800001      0.20628149      0.20103779      0.19198028      0.17852943      0.15957813
      0.20900001      0.20729149      0.20207926      0.19307980      0.17972508      0.16093449
      0.21000001      0.20830941      0.20315322      0.19425567      0.18106605      0.16254285
      0.21100001      0.20934727      0.20430886      0.19562333      0.18277150      0.16478139
      0.21200001      0.21046024      0.20577183      0.19771090      0.18583910      0.16935692
      0.21300001      0.21231997      0.21026665      0.20679916      0.20184462      0.19528988
      0.21400001      0.21214301      0.20647181      0.19665670      0.18202861      0.16128319
      0.21500001      0.21315309      0.20751374      0.19775777      0.18322880      0.16265278
      0.21600001      0.21417033      0.20858503      0.19892801      0.18456122      0.16425344
      0.21700001      0.21518093      0.20962902      0.20003368      0.18576944      0.16563440
      0.21800001      0.21618754      0.21065657      0.20110052      0.18690303      0.16688366
      0.21900001      0.21719179      0.21167447      0.20214456      0.18799283      0.16805571
      0.22000001      0.21819458      0.21268636      0.20317440      0.18905536      0.16917968
      0.22100001      0.21919641      0.21369428      0.20419488      0.19009991      0.17027190
      0.22200001      0.22019757      0.21469947      0.20520889      0.19113200      0.17134213
      0.22300001      0.22119825      0.21570269      0.20621824      0.19215514      0.17239650
      0.22400001      0.22219858      0.21670445      0.20722413      0.19317160      0.17343904
      0.22500001      0.22319864      0.21770510      0.20822738      0.19418297      0.17447252
      0.22600001      0.22419848      0.21870487      0.20922857      0.19519035      0.17549889
      0.22700001      0.22519816      0.21970396      0.21022812      0.19619456      0.17651957
      0.22800001      0.22619770      0.22070249      0.21122634      0.19719618      0.17753561
      0.22900001      0.22719713      0.22170055      0.21222346      0.19819568      0.17854781
      0.23000001      0.22819647      0.22269824      0.21321968      0.19919340      0.17955678
      0.23100001      0.22919573      0.22369561      0.21421513      0.20018962      0.18056301
      0.23200001      0.23019493      0.22469270      0.21520993      0.20118455      0.18156688
      0.23300001      0.23119407      0.22568956      0.21620417      0.20217837      0.18256869
      0.23400001      0.23219316      0.22668621      0.21719791      0.20317122      0.18356871
      0.23500001      0.23319221      0.22768269      0.21819123      0.20416321      0.18456712
      0.23600001      0.23419122      0.22867901      0.21918416      0.20515445      0.18556412
      0.23700001      0.23519019      0.22967520      0.22017676      0.20614501      0.18655982
      0.23800001      0.23618914      0.23067125      0.22116906      0.20713496      0.18755436
      0.23900001      0.23718806      0.23166720      0.22216108      0.20812435      0.18854784
      0.24000001      0.23818696      0.23266304      0.22315286      0.20911324      0.18954034
      0.24100001      0.23918583      0.23365879      0.22414441      0.21010167      0.19053194
      0.24200001      0.24018469      0.23465446      0.22513574      0.21108966      0.19152269
      0.24300001      0.24118352      0.23565005      0.22612689      0.21207725      0.19251266
      0.24400001      0.24218234      0.23664556      0.22711785      0.21306447      0.19350189
      0.24500001      0.24318114      0.23764101      0.22810864      0.21405134      0.19449042
      0.24600001      0.24417993      0.23863639      0.22909927      0.21503788      0.19547829
      0.24700001      0.24517870      0.23963171      0.23008976      0.21602410      0.19646552
      0.24800001      0.24617746      0.24062698      0.23108010      0.21701002      0.19745216
      0.24900001      0.24717620      0.24162219      0.23207030      0.21799565      0.19843821
      0.25000001      0.24817493      0.24261734      0.23306037      0.21898101      0.19942371
      0.25100001      0.24917366      0.24361245      0.23405032      0.21996610      0.20040866
      0.25200001      0.25017237      0.24460751      0.23504014      0.22095094      0.20139310
      0.25300001      0.25117107      0.24560252      0.23602985      0.22193552      0.20237702
      0.25400001      0.25216975      0.24659749      0.23701944      0.22291986      0.20336045
      0.25500001      0.25316843      0.24759241      0.23800892      0.22390396      0.20434339
      0.25600001      0.25416710      0.24858729      0.23899828      0.22488783      0.20532586
      0.25700001      0.25516576      0.24958212      0.23998754      0.22587147      0.20630787
      0.25800001      0.25616440      0.25057691      0.24097670      0.22685489      0.20728942
      0.25900001      0.25716304      0.25157166      0.24196575      0.22783808      0.20827051
      0.26000001      0.25816167      0.25256637      0.24295469      0.22882105      0.20925116
      0.26100001      0.25916029      0.25356104      0.24394353      0.22980381      0.21023137
      0.26200001      0.26015890      0.25455567      0.24493227      0.23078635      0.21121115
      0.26300001      0.26115750      0.25555026      0.24592091      0.23176867      0.21219049
      0.26400001      0.26215609      0.25654480      0.24690944      0.23275078      0.21316940
      0.26500001      0.26315467      0.25753931      0.24789788      0.23373268      0.21414788
      0.26600001      0.26415324      0.25853378      0.24888621      0.23471436      0.21512595
      0.26700001      0.26515180      0.25952820      0.24987444      0.23569584      0.21610358
      0.26800001      0.26615035      0.26052259      0.25086257      0.23667710      0.21708080
      0.26900001      0.26714889      0.26151693      0.25185060      0.23765815      0.21805759
      0.27000001      0.26814743      0.26251123      0.25283853      0.23863899      0.21903397
      0.27100001      0.26914595      0.26350549      0.25382635      0.23961961      0.22000992
      0.27200001      0.27014446      0.26449971      0.25481407      0.24060002      0.22098546
      0.27300001      0.27114296      0.26549389      0.25580169      0.24158021      0.22196057
      0.27400001      0.27214146      0.26648802      0.25678920      0.24256019      0.22293527
      0.27500001      0.27313994      0.26748212      0.25777660      0.24353996      0.22390954
      0.27600001      0.27413841      0.26847617      0.25876390      0.24451950      0.22488338
      0.27700001      0.27513687      0.26947017      0.25975110      0.24549882      0.22585681
      0.27800001      0.27613532      0.27046413      0.26073818      0.24647793      0.22682980
      0.27900001      0.27713377      0.27145805      0.26172515      0.24745681      0.22780237
      0.28000001      0.27813220      0.27245192      0.26271202      0.24843546      0.22877451
      0.28100001      0.27913062      0.27344575      0.26369877      0.24941390      0.22974622
      0.28200001      0.28012902      0.27443953      0.26468541      0.25039210      0.23071749
      0.28300001      0.28112742      0.27543327      0.26567194      0.25137007      0.23168833
      0.28400001      0.28212581      0.27642695      0.26665835      0.25234781      0.23265873
      0.28500001      0.28312418      0.27742059      0.26764465      0.25332532      0.23362869
      0.28600001      0.28412254      0.27841418      0.26863082      0.25430259      0.23459821
      0.28700001      0.28512090      0.27940773      0.26961688      0.25527962      0.23556728
      0.28800001      0.28611924      0.28040122      0.27060282      0.25625642      0.23653590
      0.28900001      0.28711756      0.28139466      0.27158864      0.25723297      0.23750407
      0.29000001      0.28811588      0.28238805      0.27257434      0.25820927      0.23847178
      0.29100001      0.28911418      0.28338139      0.27355991      0.25918533      0.23943903
      0.29200001      0.29011247      0.28437468      0.27454535      0.26016114      0.24040582
      0.29300001      0.29111075      0.28536792      0.27553067      0.26113669      0.24137215
      0.29400001      0.29210901      0.28636110      0.27651586      0.26211199      0.24233800
      0.29500001      0.29310727      0.28735423      0.27750092      0.26308703      0.24330339
      0.29600001      0.29410550      0.28834730      0.27848584      0.26406182      0.24426830
      0.29700001      0.29510373      0.28934032      0.27947064      0.26503634      0.24523272
      0.29800001      0.29610194      0.29033328      0.28045530      0.26601059      0.24619667
      0.29900001      0.29710014      0.29132619      0.28143982      0.26698458      0.24716013
      0.30000001      0.29809832      0.29231903      0.28242420      0.26795829      0.24812309
      0.30100001      0.29909649      0.29331182      0.28340845      0.26893173      0.24908556
      0.30200001      0.30009465      0.29430455      0.28439255      0.26990490      0.25004753
      0.30300001      0.30109279      0.29529722      0.28537651      0.27087778      0.25100899
      0.30400001      0.30209092      0.29628983      0.28636032      0.27185038      0.25196995
      0.30500001      0.30308903      0.29728238      0.28734399      0.27282270      0.25293040
      0.30600001      0.30408713      0.29827486      0.28832751      0.27379473      0.25389032
      0.30700001      0.30508521      0.29926729      0.28931088      0.27476646      0.25484973
      0.30800001      0.30608327      0.30025965      0.29029410      0.27573791      0.25580861
      0.30900001      0.30708132      0.30125194      0.29127716      0.27670905      0.25676696
      0.31000001      0.30807936      0.30224417      0.29226007      0.27767989      0.25772478
      0.31100001      0.30907738      0.30323633      0.29324282      0.27865043      0.25868205
      0.31200001      0.31007538      0.30422843      0.29422541      0.27962066      0.25963879
      0.31300001      0.31107337      0.30522045      0.29520784      0.28059058      0.26059497
      0.31400001      0.31207133      0.30621241      0.29619011      0.28156019      0.26155060
      0.31500001      0.31306929      0.30720430      0.29717222      0.28252948      0.26250567
      0.31600002      0.31406722      0.30819612      0.29815416      0.28349845      0.26346018
      0.31700002      0.31506514      0.30918787      0.29913593      0.28446710      0.26441411
      0.31800002      0.31606304      0.31017955      0.30011753      0.28543542      0.26536748
      0.31900002      0.31706092      0.31117115      0.30109895      0.28640341      0.26632026
      0.32000002      0.31805879      0.31216268      0.30208021      0.28737107      0.26727247
      0.32100002      0.31905663      0.31315414      0.30306129      0.28833838      0.26822408
      0.32200002      0.32005446      0.31414552      0.30404219      0.28930536      0.26917510
      0.32300002      0.32105227      0.31513682      0.30502291      0.29027200      0.27012552
      0.32400002      0.32205006      0.31612805      0.30600344      0.29123828      0.27107533
      0.32500002      0.32304783      0.31711920      0.30698380      0.29220422      0.27202454
      0.32600002      0.32404559      0.31811027      0.30796397      0.29316980      0.27297313
      0.32700002      0.32504332      0.31910126      0.30894395      0.29413503      0.27392109
      0.32800002      0.32604103      0.32009216      0.30992374      0.29509989      0.27486843
      0.32900002      0.32703873      0.32108299      0.31090334      0.29606438      0.27581514
      0.33000002      0.32803640      0.32207374      0.31188274      0.29702851      0.27676121
      0.33100002      0.32903405      0.32306440      0.31286195      0.29799227      0.27770664
      0.33200002      0.33003169      0.32405498      0.31384096      0.29895564      0.27865142
      0.33300002      0.33102930      0.32504547      0.31481977      0.29991864      0.27959554
      0.33400002      0.33202689      0.32603587      0.31579838      0.30088125      0.28053901
      0.33500002      0.33302446      0.32702619      0.31677678      0.30184348      0.28148180
      0.33600002      0.33402201      0.32801642      0.31775498      0.30280531      0.28242392
      0.33700002      0.33501953      0.32900656      0.31873296      0.30376675      0.28336537
      0.33800002      0.33601704      0.32999661      0.31971074      0.30472779      0.28430613
      0.33900002      0.33701452      0.33098657      0.32068830      0.30568843      0.28524620
      0.34000002      0.33801198      0.33197644      0.32166565      0.30664866      0.28618557
      0.34100002      0.33900942      0.33296622      0.32264278      0.30760848      0.28712424
      0.34200002      0.34000683      0.33395590      0.32361969      0.30856788      0.28806220
      0.34300002      0.34100422      0.33494549      0.32459638      0.30952686      0.28899945
      0.34400002      0.34200159      0.33593498      0.32557285      0.31048542      0.28993597
      0.34500002      0.34299893      0.33692437      0.32654909      0.31144356      0.29087177
      0.34600002      0.34399625      0.33791367      0.32752510      0.31240126      0.29180683
      0.34700002      0.34499355      0.33890286      0.32850087      0.31335853      0.29274115
      0.34800002      0.34599082      0.33989196      0.32947642      0.31431536      0.29367472
      0.34900002      0.34698806      0.34088096      0.33045173      0.31527174      0.29460754
      0.35000002      0.34798528      0.34186985      0.33142680      0.31622768      0.29553960
      0.35100002      0.34898248      0.34285864      0.33240163      0.31718316      0.29647089
      0.35200002      0.34997965      0.34384733      0.33337622      0.31813819      0.29740141
      0.35300002      0.35097679      0.34483591      0.33435056      0.31909276      0.29833115
      0.35400002      0.35197391      0.34582439      0.33532466      0.32004686      0.29926010
      0.35500002      0.35297101      0.34681276      0.33629850      0.32100049      0.30018825
      0.35600002      0.35396807      0.34780102      0.33727210      0.32195365      0.30111560
      0.35700002      0.35496511      0.34878917      0.33824543      0.32290633      0.30204215
      0.35800002      0.35596212      0.34977721      0.33921852      0.32385853      0.30296788
      0.35900002      0.35695911      0.35076514      0.34019134      0.32481024      0.30389279
      0.36000002      0.35795684      0.35175610      0.34117120      0.32577506      0.30483958
      0.36100002      0.35895378      0.35274387      0.34214364      0.32672606      0.30576327
      0.36200002      0.35995071      0.35373158      0.34311594      0.32767679      0.30668650
      0.36300002      0.36094763      0.35471922      0.34408809      0.32862723      0.30760926
      0.36400002      0.36194453      0.35570680      0.34506009      0.32957740      0.30853155
      0.36500002      0.36294141      0.35669431      0.34603194      0.33052729      0.30945335
      0.36600002      0.36393828      0.35768176      0.34700364      0.33147689      0.31037468
      0.36700002      0.36493513      0.35866914      0.34797519      0.33242620      0.31129552
      0.36800002      0.36593196      0.35965646      0.34894658      0.33337523      0.31221586
      0.36900002      0.36692878      0.36064371      0.34991782      0.33432396      0.31313572
      0.37000002      0.36792559      0.36163090      0.35088890      0.33527240      0.31405508
      0.37100002      0.36892237      0.36261801      0.35185983      0.33622055      0.31497393
      0.37200002      0.36991914      0.36360506      0.35283059      0.33716839      0.31589229
      0.37300002      0.37091589      0.36459204      0.35380120      0.33811594      0.31681013
      0.37400002      0.37191263      0.36557895      0.35477164      0.33906318      0.31772746
      0.37500002      0.37290935      0.36656579      0.35574192      0.34001011      0.31864428
      0.37600002      0.37390605      0.36755256      0.35671203      0.34095674      0.31956058
      0.37700002      0.37490273      0.36853926      0.35768198      0.34190306      0.32047635
      0.37800002      0.37589940      0.36952589      0.35865177      0.34284906      0.32139159
      0.37900002      0.37689604      0.37051244      0.35962138      0.34379475      0.32230630
      0.38000002      0.37789267      0.37149892      0.36059082      0.34474012      0.32322048
      0.38100002      0.37888929      0.37248533      0.36156010      0.34568517      0.32413412
      0.38200002      0.37988588      0.37347166      0.36252919      0.34662990      0.32504721
      0.38300002      0.38088245      0.37445792      0.36349812      0.34757430      0.32595976
      0.38400002      0.38187901      0.37544410      0.36446687      0.34851837      0.32687175
      0.38500002      0.38287555      0.37643021      0.36543544      0.34946211      0.32778318
      0.38600002      0.38387207      0.37741624      0.36640384      0.35040552      0.32869406
      0.38700002      0.38486857      0.37840219      0.36737205      0.35134859      0.32960437
      0.38800002      0.38586505      0.37938807      0.36834008      0.35229132      0.33051411
      0.38900002      0.38686151      0.38037386      0.36930793      0.35323371      0.33142328
      0.39000002      0.38785795      0.38135958      0.37027560      0.35417576      0.33233187
      0.39100002      0.38885438      0.38234522      0.37124308      0.35511746      0.33323988
      0.39200002      0.38985078      0.38333077      0.37221037      0.35605881      0.33414731
      0.39300002      0.39084716      0.38431625      0.37317748      0.35699981      0.33505414
      0.39400002      0.39184353      0.38530164      0.37414439      0.35794045      0.33596038
      0.39500002      0.39283987      0.38628695      0.37511111      0.35888074      0.33686602
      0.39600002      0.39383619      0.38727218      0.37607764      0.35982066      0.33777105
      0.39700002      0.39483249      0.38825732      0.37704398      0.36076022      0.33867548
      0.39800002      0.39582877      0.38924238      0.37801011      0.36169942      0.33957930
      0.39900002      0.39682503      0.39022735      0.37897605      0.36263824      0.34048249
