      0.00100000      0.00098990      0.00095898      0.00090509      0.00082374      0.00070550
      0.00200000      0.00197851      0.00191258      0.00179734      0.00162231      0.00136466
      0.00300000      0.00296736      0.00286723      0.00269207      0.00242570      0.00203256
      0.00400000      0.00395629      0.00382218      0.00358753      0.00323051      0.00270307
      0.00500000      0.00494525      0.00477725      0.00448327      0.00403588      0.00337461
      0.00600000      0.00593422      0.00573236      0.00537912      0.00484148      0.00404658
      0.00700000      0.00692320      0.00668750      0.00627502      0.00564716      0.00471872
      0.00800000      0.00791217      0.00764263      0.00717092      0.00645285      0.00539086
      0.00900000      0.00890114      0.00859776      0.00806680      0.00725849      0.00606292
      0.01000000      0.00989011      0.00955286      0.00896263      0.00806405      0.00673481
      0.01100000      0.01087907      0.01050795      0.00985840      0.00886949      0.00740648
      0.01200000      0.01186803      0.01146300      0.01075411      0.00967478      0.00807788
      0.01300000      0.01285697      0.01241802      0.01164972      0.01047991      0.00874897
      0.01400000      0.01384591      0.01337299      0.01254525      0.01128485      0.00941972
      0.01500000      0.01483484      0.01432793      0.01344066      0.01208959      0.01009007
      0.01600000      0.01582375      0.01528282      0.01433597      0.01289410      0.01076001
      0.01700000      0.01681265      0.01623765      0.01523115      0.01369836      0.01142948
      0.01800000      0.01780154      0.01719243      0.01612620      0.01450237      0.01209847
      0.01900000      0.01879042      0.01814715      0.01702111      0.01530609      0.01276693
      0.02000000      0.01977928      0.01910181      0.01791586      0.01610952      0.01343483
      0.02100000      0.02076812      0.02005640      0.01881046      0.01691263      0.01410213
      0.02200000      0.02175695      0.02101092      0.01970488      0.01771540      0.01476881
      0.02300000      0.02274576      0.02196537      0.02059913      0.01851782      0.01543483
      0.02400000      0.02373455      0.02291974      0.02149320      0.01931988      0.01610016
      0.02500000      0.02472332      0.02387403      0.02238706      0.02012154      0.01676475
      0.02600000      0.02571206      0.02482823      0.02328072      0.02092280      0.01742858
      0.02700000      0.02670079      0.02578234      0.02417416      0.02172362      0.01809160
      0.02800000      0.02768950      0.02673636      0.02506738      0.02252401      0.01875379
      0.02900000      0.02867818      0.02769028      0.02596037      0.02332393      0.01941510
      0.03000000      0.02966684      0.02864410      0.02685311      0.02412336      0.02007551
      0.03100000      0.03065547      0.02959781      0.02774559      0.02492230      0.02073497
      0.03200000      0.03164407      0.03055141      0.02863782      0.02572071      0.02139344
      0.03300000      0.03263265      0.03150490      0.02952976      0.02651857      0.02205088
      0.03400000      0.03362120      0.03245827      0.03042143      0.02731587      0.02270726
      0.03500000      0.03460972      0.03341152      0.03131279      0.02811258      0.02336254
      0.03600000      0.03559820      0.03436464      0.03220385      0.02890869      0.02401667
      0.03700000      0.03658666      0.03531762      0.03309460      0.02970417      0.02466961
      0.03800000      0.03757508      0.03627047      0.03398501      0.03049899      0.02532132
      0.03900000      0.03856347      0.03722318      0.03487509      0.03129314      0.02597176
      0.04000000      0.03955183      0.03817575      0.03576481      0.03208660      0.02662088
      0.04100000      0.04054014      0.03912816      0.03665417      0.03287933      0.02726864
      0.04200000      0.04152842      0.04008041      0.03754316      0.03367132      0.02791498
      0.04300000      0.04251667      0.04103251      0.03843176      0.03446254      0.02855987
      0.04400000      0.04350487      0.04198444      0.03931995      0.03525296      0.02920325
      0.04500000      0.04449303      0.04293619      0.04020774      0.03604256      0.02984507
      0.04600000      0.04548114      0.04388777      0.04109510      0.03683132      0.03048529
      0.04700000      0.04646922      0.04483917      0.04198202      0.03761920      0.03112385
      0.04800000      0.04745724      0.04579038      0.04286849      0.03840618      0.03176069
      0.04900000      0.04844522      0.04674139      0.04375448      0.03919223      0.03239576
      0.05000000      0.04943316      0.04769221      0.04464000      0.03997732      0.03302901
      0.05100000      0.05042104      0.04864282      0.04552502      0.04076142      0.03366037
      0.05200000      0.05140887      0.04959321      0.04640953      0.04154450      0.03428979
      0.05300000      0.05239665      0.05054339      0.04729351      0.04232653      0.03491720
      0.05400000      0.05338437      0.05149334      0.04817695      0.04310747      0.03554254
      0.05500000      0.05437204      0.05244306      0.04905982      0.04388730      0.03616575
      0.05600000      0.05535965      0.05339253      0.04994212      0.04466598      0.03678675
      0.05700000      0.05634720      0.05434177      0.05082383      0.04544347      0.03740548
      0.05800000      0.05733469      0.05529074      0.05170492      0.04621974      0.03802187
      0.05900000      0.05832212      0.05623946      0.05258538      0.04699475      0.03863584
      0.06000000      0.05930948      0.05718791      0.05346519      0.04776845      0.03924731
      0.06100000      0.06029677      0.05813607      0.05434433      0.04854082      0.03985621
      0.06200000      0.06128400      0.05908396      0.05522279      0.04931181      0.04046246
      0.06300000      0.06227116      0.06003155      0.05610053      0.05008138      0.04106596
      0.06400000      0.06325824      0.06097883      0.05697753      0.05084948      0.04166663
      0.06500000      0.06424525      0.06192580      0.05785379      0.05161607      0.04226439
      0.06600000      0.06523217      0.06287245      0.05872926      0.05238109      0.04285912
      0.06700000      0.06621902      0.06381877      0.05960393      0.05314452      0.04345075
      0.06800000      0.06720579      0.06476474      0.06047778      0.05390628      0.04403916
      0.06900000      0.06819247      0.06571037      0.06135077      0.05466633      0.04462426
      0.07000000      0.06917907      0.06665563      0.06222289      0.05542462      0.04520592
      0.07100000      0.07016557      0.06760051      0.06309409      0.05618109      0.04578404
      0.07200000      0.07115198      0.06854501      0.06396437      0.05693567      0.04635850
      0.07300000      0.07213830      0.06948911      0.06483367      0.05768832      0.04692917
      0.07400000      0.07312452      0.07043279      0.06570199      0.05843896      0.04749593
      0.07500000      0.07411063      0.07137606      0.06656927      0.05918754      0.04805863
      0.07600000      0.07509664      0.07231888      0.06743550      0.05993398      0.04861715
      0.07700000      0.07608254      0.07326126      0.06830062      0.06067820      0.04917132
      0.07800000      0.07706833      0.07420316      0.06916462      0.06142015      0.04972101
      0.07900000      0.07805400      0.07514458      0.07002745      0.06215973      0.05026604
      0.08000000      0.07903956      0.07608551      0.07088906      0.06289687      0.05080625
      0.08100000      0.08002499      0.07702592      0.07174943      0.06363148      0.05134146
      0.08200000      0.08101029      0.07796579      0.07260850      0.06436347      0.05187148
      0.08300000      0.08199546      0.07890512      0.07346624      0.06509276      0.05239613
      0.08400000      0.08298049      0.07984387      0.07432259      0.06581923      0.05291520
      0.08500000      0.08396538      0.08078203      0.07517750      0.06654280      0.05342846
      0.08600000      0.08495012      0.08171958      0.07603093      0.06726335      0.05393570
      0.08700000      0.08593471      0.08265650      0.07688281      0.06798077      0.05443668
      0.08800000      0.08691915      0.08359276      0.07773310      0.06869494      0.05493113
      0.08900000      0.08790342      0.08452834      0.07858173      0.06940574      0.05541881
      0.09000000      0.08888752      0.08546321      0.07942864      0.07011303      0.05589941
      0.09100000      0.08987144      0.08639734      0.08027376      0.07081667      0.05637265
      0.09200000      0.09085518      0.08733072      0.08111702      0.07151652      0.05683822
      0.09300000      0.09183873      0.08826330      0.08195834      0.07221243      0.05729576
      0.09400000      0.09282209      0.08919505      0.08279766      0.07290422      0.05774493
      0.09500000      0.09380524      0.09012595      0.08363488      0.07359173      0.05818534
      0.09600000      0.09478817      0.09105595      0.08446992      0.07427476      0.05861660
      0.09700000      0.09577088      0.09198502      0.08530268      0.07495313      0.05903827
      0.09800000      0.09675336      0.09291311      0.08613306      0.07562661      0.05944988
      0.09900000      0.09773559      0.09384020      0.08696096      0.07629500      0.05985094
      0.10000000      0.09871758      0.09476622      0.08778627      0.07695805      0.06024093
      0.10100000      0.09969929      0.09569113      0.08860887      0.07761550      0.06061928
      0.10200000      0.10068073      0.09661488      0.08942862      0.07826709      0.06098537
      0.10300000      0.10166188      0.09753742      0.09024539      0.07891253      0.06133854
      0.10400000      0.10264272      0.09845867      0.09105903      0.07955149      0.06167809
      0.10500000      0.10362325      0.09937859      0.09186939      0.08018365      0.06200323
      0.10600001      0.10460343      0.10029711      0.09267629      0.08080863      0.06231315
      0.10700001      0.10558327      0.10121414      0.09347955      0.08142606      0.06260693
      0.10800001      0.10656273      0.10212961      0.09427898      0.08203549      0.06288359
      0.10900001      0.10754180      0.10304343      0.09507435      0.08263648      0.06314205
      0.11000001      0.10852045      0.10395551      0.09586543      0.08322852      0.06338112
      0.11100001      0.10949866      0.10486575      0.09665197      0.08381107      0.06359952
      0.11200001      0.11047641      0.10577403      0.09743370      0.08438353      0.06379581
      0.11300001      0.11145367      0.10668025      0.09821032      0.08494525      0.06396843
      0.11400001      0.11243040      0.10758425      0.09898149      0.08549551      0.06411564
      0.11500001      0.11340657      0.10848591      0.09974684      0.08603353      0.06423550
      0.11600001      0.11438214      0.10938506      0.10050599      0.08655843      0.06432584
      0.11700001      0.11535707      0.11028152      0.10125848      0.08706924      0.06438424
      0.11800001      0.11633132      0.11117510      0.10200383      0.08756489      0.06440799
      0.11900001      0.11730484      0.11206558      0.10274148      0.08804417      0.06439400
      0.12000001      0.11827756      0.11295272      0.10347083      0.08850574      0.06433878
      0.12100001      0.11924942      0.11383625      0.10419119      0.08894808      0.06423832
      0.12200001      0.12022035      0.11471585      0.10490177      0.08936945      0.06408805
      0.12300001      0.12119027      0.11559118      0.10560170      0.08976790      0.06388265
      0.12400001      0.12215908      0.11646184      0.10628996      0.09014118      0.06361593
      0.12500001      0.12312668      0.11732737      0.10696541      0.09048669      0.06328064
      0.12600001      0.12409294      0.11818725      0.10762671      0.09080144      0.06286819
      0.12700001      0.12505772      0.11904087      0.10827230      0.09108191      0.06236828
      0.12800001      0.12602085      0.11988752      0.10890035      0.09132395      0.06176851
      0.12900001      0.12698214      0.12072634      0.10950871      0.09152263      0.06105365
      0.13000001      0.12794134      0.12155633      0.11009480      0.09167202      0.06020484
      0.13100001      0.12889817      0.12237627      0.11065549      0.09176490      0.05919825
      0.13200001      0.12985229      0.12318467      0.11118695      0.09179239      0.05800327
      0.13300001      0.13080326      0.12397968      0.11168443      0.09174335      0.05657962
      0.13400001      0.13175053      0.12475899      0.11214193      0.09160361      0.05487289
      0.13500001      0.13269342      0.12551962      0.11255172      0.09135475      0.05280699
      0.13600001      0.13363102      0.12625763      0.11290360      0.09097224      0.05027096
      0.13700001      0.13456208      0.12696774      0.11318376      0.09042248      0.04709338
      0.13800001      0.13548490      0.12764258      0.11337289      0.08965774      0.04298746
      0.13900001      0.13639700      0.12827144      0.11344278      0.08860725      0.03740997
      0.14000001      0.13729459      0.12883793      0.11335000      0.08715985      0.02906992
      0.14100001      0.13817147      0.12931518      0.11302293      0.08512730      0.01182531
      0.14200001      0.13901652      0.12965482      0.11233135      0.08215521      0.00000000
      0.14300001      0.13980685      0.12975677      0.11100267      0.07746144      0.00000000
      0.14400001      0.14048399      0.12936384      0.10832245      0.06878957      0.00000000
      0.14500001      0.14083489      0.12752590      0.10153902      0.04445692      0.00000000
      0.14600001      0.14247001      0.13131189      0.11023306      0.07087486      0.00000000
      0.14700001      0.14377940      0.13365274      0.11480688      0.08139539      0.00000000
      0.14800001      0.14497548      0.13549744      0.11802118      0.08789890      0.00000000
      0.14900001      0.14611678      0.13710377      0.12059433      0.09266479      0.03047546
      0.15000001      0.14722620      0.13857204      0.12280053      0.09648229      0.04346033
      0.15100001      0.14831489      0.13995078      0.12477076      0.09970894      0.05204432
      0.15200001      0.14938904      0.14126691      0.12657710      0.10253465      0.05857572
      0.15300001      0.15045246      0.14253688      0.12826325      0.10507160      0.06389446
      0.15400001      0.15150761      0.14377142      0.12985760      0.10739125      0.06840960
      0.15500001      0.15255623      0.14497793      0.13137959      0.10954175      0.07235323
      0.15600001      0.15359952      0.14616171      0.13284314      0.11155704      0.07587009
      0.15700001      0.15463842      0.14732669      0.13425848      0.11346190      0.07905655
      0.15800001      0.15567360      0.14847585      0.13563341      0.11527491      0.08198003
      0.15900001      0.15670563      0.14961153      0.13697398      0.11701040      0.08468944
      0.16000001      0.15773492      0.15073558      0.13828495      0.11867960      0.08722140
      0.16100001      0.15876183      0.15184947      0.13957019      0.12029149      0.08960399
      0.16200001      0.15978663      0.15295444      0.14083282      0.12185334      0.09185922
      0.16300001      0.16080957      0.15405149      0.14207545      0.12337113      0.09400461
      0.16400001      0.16183084      0.15514146      0.14330025      0.12484984      0.09605437
      0.16500001      0.16285061      0.15622507      0.14450904      0.12629365      0.09802012
      0.16600001      0.16386902      0.15730293      0.14570338      0.12770608      0.09991153
      0.16700001      0.16488619      0.15837556      0.14688461      0.12909016      0.10173670
      0.16800001      0.16590224      0.15944342      0.14805390      0.13044849      0.10350248
      0.16900001      0.16691725      0.16050690      0.14921223      0.13178333      0.10521470
      0.17000001      0.16793130      0.16156634      0.15036050      0.13309664      0.10687840
      0.17100001      0.16894447      0.16262205      0.15149947      0.13439015      0.10849792
      0.17200001      0.16995682      0.16367430      0.15262983      0.13566537      0.11007704
      0.17300001      0.17096840      0.16472332      0.15375219      0.13692365      0.11161908
      0.17400001      0.17197927      0.16576934      0.15486709      0.13816618      0.11312694
      0.17500001      0.17298948      0.16681255      0.15597501      0.13939402      0.11460321
      0.17600001      0.17399905      0.16785311      0.15707639      0.14060815      0.11605017
      0.17700001      0.17500803      0.16889118      0.15817162      0.14180941      0.11746986
      0.17800001      0.17601645      0.16992690      0.15926106      0.14299857      0.11886410
      0.17900001      0.17702434      0.17096040      0.16034502      0.14417635      0.12023453
      0.18000001      0.17803173      0.17199179      0.16142380      0.14534337      0.12158263
      0.18100001      0.17903864      0.17302118      0.16249766      0.14650021      0.12290972
      0.18200001      0.18004510      0.17404867      0.16356685      0.14764740      0.12421701
      0.18300001      0.18105112      0.17507435      0.16463158      0.14878542      0.12550559
      0.18400001      0.18205673      0.17609829      0.16569206      0.14991469      0.12677647
      0.18500001      0.18306195      0.17712056      0.16674848      0.15103564      0.12803054
      0.18600001      0.18406678      0.17814125      0.16780101      0.15214862      0.12926863
      0.18700001      0.18507124      0.17916040      0.16884980      0.15325398      0.13049150
      0.18800001      0.18607535      0.18017808      0.16989499      0.15435202      0.13169985
      0.18900001      0.18707913      0.18119433      0.17093673      0.15544303      0.13289431
      0.19000001      0.18808257      0.18220922      0.17197513      0.15652728      0.13407547
      0.19100001      0.18908569      0.18322278      0.17301031      0.15760500      0.13524386
      0.19200001      0.19008851      0.18423505      0.17404237      0.15867644      0.13639997
      0.19300001      0.19109103      0.18524608      0.17507140      0.15974178      0.13754428
      0.19400001      0.19209325      0.18625590      0.17609751      0.16080122      0.13867718
      0.19500001      0.19309520      0.18726454      0.17712076      0.16185494      0.13979908
      0.19600001      0.19409686      0.18827203      0.17814124      0.16290310      0.14091032
      0.19700001      0.19509826      0.18927840      0.17915901      0.16394586      0.14201124
      0.19800001      0.19609939      0.19028368      0.18017414      0.16498334      0.14310213
      0.19900001      0.19710027      0.19128788      0.18118669      0.16601568      0.14418328
      0.20000001      0.19810089      0.19229104      0.18219671      0.16704299      0.14525494
      0.20100001      0.19910127      0.19329316      0.18320425      0.16806537      0.14631734
      0.20200001      0.20010140      0.19429427      0.18420936      0.16908294      0.14737070
      0.20300001      0.20110128      0.19529438      0.18521207      0.17009577      0.14841521
      0.20400001      0.20210094      0.19629351      0.18621242      0.17110394      0.14945106
      0.20500001      0.20310035      0.19729167      0.18721045      0.17210753      0.15047841
      0.20600001      0.20409954      0.19828887      0.18820619      0.17310660      0.15149740
      0.20700001      0.20509850      0.19928513      0.18919965      0.17410122      0.15250816
      0.20800001      0.20609723      0.20028044      0.19019087      0.17509142      0.15351081
      0.20900001      0.20709573      0.20127482      0.19117986      0.17607726      0.15450546
      0.21000001      0.20809401      0.20226827      0.19216664      0.17705877      0.15549219
      0.21100001      0.20909207      0.20326081      0.19315122      0.17803598      0.15647108
      0.21200001      0.21008990      0.20425242      0.19413361      0.17900892      0.15744220
      0.21300001      0.21108751      0.20524312      0.19511382      0.17997760      0.15840560
      0.21400001      0.21208490      0.20623290      0.19609185      0.18094204      0.15936132
      0.21500001      0.21308207      0.20722176      0.19706770      0.18190224      0.16030938
      0.21600001      0.21407901      0.20820971      0.19804137      0.18285820      0.16124981
      0.21700001      0.21507574      0.20919674      0.19901285      0.18380993      0.16218261
      0.21800001      0.21607223      0.21018284      0.19998214      0.18475739      0.16310777
      0.21900001      0.21706851      0.21116801      0.20094922      0.18570059      0.16402528
      0.22000001      0.21806455      0.21215225      0.20191408      0.18663949      0.16493510
      0.22100001      0.21906036      0.21313554      0.20287670      0.18757406      0.16583720
      0.22200001      0.22005595      0.21411788      0.20383706      0.18850426      0.16673151
      0.22300001      0.22105130      0.21509926      0.20479513      0.18943005      0.16761798
      0.22400001      0.22204641      0.21607965      0.20575090      0.19035139      0.16849652
      0.22500001      0.22304128      0.21705906      0.20670431      0.19126821      0.16936704
      0.22600001      0.22403591      0.21803746      0.20765535      0.19218044      0.17022944
      0.22700001      0.22503028      0.21901484      0.20860397      0.19308802      0.17108359
      0.22800001      0.22602441      0.21999118      0.20955013      0.19399086      0.17192936
      0.22900001      0.22701827      0.22096645      0.21049378      0.19488887      0.17276660
      0.23000001      0.22801188      0.22194064      0.21143486      0.19578196      0.17359514
      0.23100001      0.22900521      0.22291372      0.21237333      0.19667001      0.17441479
      0.23200001      0.22999826      0.22388567      0.21330911      0.19755291      0.17522535
      0.23300001      0.23099104      0.22485645      0.21424214      0.19843053      0.17602660
      0.23400001      0.23198352      0.22582603      0.21517235      0.19930272      0.17681829
      0.23500001      0.23297570      0.22679439      0.21609965      0.20016934      0.17760016
      0.23600001      0.23396758      0.22776148      0.21702395      0.20103021      0.17837190
      0.23700001      0.23495913      0.22872726      0.21794517      0.20188515      0.17913322
      0.23800001      0.23595036      0.22969169      0.21886320      0.20273398      0.17988375
      0.23900001      0.23694125      0.23065472      0.21977793      0.20357646      0.18062311
      0.24000001      0.23793178      0.23161630      0.22068924      0.20441238      0.18135091
      0.24100001      0.23892195      0.23257637      0.22159698      0.20524147      0.18206669
      0.24200001      0.23991173      0.23353488      0.22250104      0.20606346      0.18276995
      0.24300001      0.24090112      0.23449176      0.22340124      0.20687805      0.18346017
      0.24400001      0.24189010      0.23544694      0.22429741      0.20768492      0.18413676
      0.24500001      0.24287864      0.23640033      0.22518938      0.20848370      0.18479909
      0.24600001      0.24386673      0.23735186      0.22607694      0.20927401      0.18544645
      0.24700001      0.24485434      0.23830143      0.22695987      0.21005541      0.18607808
      0.24800001      0.24584145      0.23924894      0.22783793      0.21082745      0.18669314
      0.24900001      0.24682803      0.24019428      0.22871085      0.21158960      0.18729070
      0.25000001      0.24781406      0.24113733      0.22957834      0.21234129      0.18786973
      0.25100001      0.24879949      0.24207794      0.23044009      0.21308191      0.18842910
      0.25200001      0.24978430      0.24301597      0.23129572      0.21381075      0.18896756
      0.25300001      0.25076844      0.24395126      0.23214485      0.21452704      0.18948372
      0.25400001      0.25175186      0.24488362      0.23298704      0.21522994      0.18997600
      0.25500001      0.25273453      0.24581284      0.23382179      0.21591847      0.19044267
      0.25600001      0.25371638      0.24673869      0.23464856      0.21659156      0.19088175
      0.25700001      0.25469734      0.24766091      0.23546673      0.21724800      0.19129105
      0.25800001      0.25567736      0.24857922      0.23627558      0.21788641      0.19166803
      0.25900001      0.25665634      0.24949327      0.23707434      0.21850524      0.19200983
      0.26000001      0.25763420      0.25040268      0.23786209      0.21910269      0.19231317
      0.26100001      0.25861083      0.25130703      0.23863778      0.21967673      0.19257427
      0.26200001      0.25958611      0.25220580      0.23940021      0.22022497      0.19278873
      0.26300001      0.26055989      0.25309841      0.24014798      0.22074465      0.19295140
      0.26400001      0.26153202      0.25398417      0.24087943      0.22123250      0.19305625
      0.26500001      0.26250229      0.25486228      0.24159263      0.22168469      0.19309607
      0.26600001      0.26347047      0.25573175      0.24228523      0.22209659      0.19306222
      0.26700001      0.26443628      0.25659143      0.24295442      0.22246262      0.19294419
      0.26800001      0.26539937      0.25743987      0.24359676      0.22277594      0.19272906
      0.26900001      0.26635932      0.25827530      0.24420797      0.22302802      0.19240069
      0.27000001      0.26731559      0.25909549      0.24478267      0.22320813      0.19193857
      0.27100001      0.26826748      0.25989756      0.24531390      0.22330237      0.19131611
      0.27200001      0.26921409      0.26067774      0.24579256      0.22329246      0.19049803
      0.27300001      0.27015420      0.26143094      0.24620631      0.22315359      0.18943618
      0.27400001      0.27108609      0.26215004      0.24653791      0.22285098      0.18806247
      0.27500001      0.27200729      0.26282472      0.24676226      0.22233378      0.18627645
      0.27600001      0.27291399      0.26343912      0.24684080      0.22152352      0.18392129
      0.27700001      0.27379998      0.26396722      0.24670996      0.22029017      0.18073338
      0.27800001      0.27465396      0.26436181      0.24625417      0.21839562      0.17622076
      0.27900001      0.27545234      0.26452398      0.24523018      0.21533396      0.16930904
      0.28000001      0.27613249      0.26419044      0.24298624      0.20972918      0.15693513
      0.28100001      0.27642820      0.26223496      0.23669575      0.19541154      0.12348903
      0.28200001      0.27813603      0.26620778      0.24504041      0.21188277      0.15942115
      0.28300001      0.27945944      0.26855779      0.24933138      0.21960448      0.17407831
      0.28400001      0.28066459      0.27041159      0.25239939      0.22477030      0.18322428
      0.28500001      0.28181412      0.27203268      0.25489750      0.22876206      0.18994686
      0.28600001      0.28293164      0.27352006      0.25706953      0.23208806      0.19532947
      0.28700001      0.28402842      0.27492100      0.25903135      0.23498766      0.19986854
      0.28800001      0.28511072      0.27626157      0.26084673      0.23759167      0.20383035
      0.28900001      0.28618231      0.27755764      0.26255436      0.23997908      0.20737344
      0.29000001      0.28724570      0.27881957      0.26417944      0.24220111      0.21059950
      0.29100001      0.28830259      0.28005446      0.26573929      0.24429283      0.21357750
      0.29200001      0.28935419      0.28126744      0.26724629      0.24627925      0.21635629
      0.29300001      0.29040143      0.28246229      0.26870962      0.24817886      0.21897169
      0.29400001      0.29144500      0.28364188      0.27013626      0.25000568      0.22145074
      0.29500001      0.29248542      0.28480847      0.27153164      0.25177058      0.22381431
      0.29600001      0.29352314      0.28596383      0.27290006      0.25348219      0.22607886
      0.29700001      0.29455850      0.28710941      0.27424499      0.25514744      0.22825758
      0.29800001      0.29559178      0.28824637      0.27556928      0.25677201      0.23036120
      0.29900001      0.29662322      0.28937571      0.27687528      0.25836057      0.23239857
      0.30000001      0.29765301      0.29049824      0.27816496      0.25991705      0.23437707
      0.30100001      0.29868132      0.29161464      0.27943999      0.26144477      0.23630292
      0.30200001      0.29970830      0.29272552      0.28070180      0.26294654      0.23818139
      0.30300001      0.30073406      0.29383137      0.28195161      0.26442480      0.24001703
      0.30400001      0.30175872      0.29493265      0.28319047      0.26588164      0.24181374
      0.30500001      0.30278236      0.29602974      0.28441932      0.26731890      0.24357491
      0.30600001      0.30380507      0.29712297      0.28563897      0.26873818      0.24530354
      0.30700001      0.30482692      0.29821265      0.28685014      0.27014090      0.24700222
      0.30800001      0.30584798      0.29929903      0.28805345      0.27152830      0.24867328
      0.30900001      0.30686829      0.30038236      0.28924948      0.27290151      0.25031876
      0.31000001      0.30788792      0.30146285      0.29043873      0.27426151      0.25194051
      0.31100001      0.30890690      0.30254069      0.29162165      0.27560921      0.25354017
      0.31200001      0.30992528      0.30361604      0.29279867      0.27694542      0.25511921
      0.31300001      0.31094310      0.30468906      0.29397014      0.27827085      0.25667898
      0.31400001      0.31196039      0.30575990      0.29513640      0.27958618      0.25822067
      0.31500001      0.31297718      0.30682867      0.29629777      0.28089200      0.25974540
      0.31600002      0.31399350      0.30789551      0.29745452      0.28218886      0.26125415
      0.31700002      0.31500938      0.30896051      0.29860690      0.28347727      0.26274785
      0.31800002      0.31602483      0.31002378      0.29975516      0.28475768      0.26422734
      0.31900002      0.31703988      0.31108540      0.30089951      0.28603053      0.26569338
      0.32000002      0.31805456      0.31214545      0.30204015      0.28729620      0.26714668
      0.32100002      0.31906888      0.31320403      0.30317726      0.28855505      0.26858790
      0.32200002      0.32008285      0.31426118      0.30431102      0.28980742      0.27001764
      0.32300002      0.32109650      0.31531700      0.30544158      0.29105361      0.27143646
      0.32400002      0.32210983      0.31637153      0.30656909      0.29229393      0.27284489
      0.32500002      0.32312287      0.31742483      0.30769369      0.29352862      0.27424341
      0.32600002      0.32413562      0.31847695      0.30881551      0.29475795      0.27563247
      0.32700002      0.32514810      0.31952796      0.30993466      0.29598214      0.27701248
      0.32800002      0.32616032      0.32057788      0.31105127      0.29720142      0.27838384
      0.32900002      0.32717228      0.32162678      0.31216542      0.29841599      0.27974693
      0.33000002      0.32818401      0.32267468      0.31327723      0.29962604      0.28110208
      0.33100002      0.32919551      0.32372163      0.31438678      0.30083176      0.28244962
      0.33200002      0.33020678      0.32476767      0.31549417      0.30203331      0.28378985
      0.33300002      0.33121784      0.32581282      0.31659947      0.30323084      0.28512306
      0.33400002      0.33222869      0.32685713      0.31770276      0.30442452      0.28644951
      0.33500002      0.33323934      0.32790061      0.31880412      0.30561449      0.28776947
      0.33600002      0.33424981      0.32894331      0.31990361      0.30680088      0.28908318
      0.33700002      0.33526008      0.32998525      0.32100129      0.30798381      0.29039085
      0.33800002      0.33627018      0.33102645      0.32209725      0.30916340      0.29169271
      0.33900002      0.33728011      0.33206694      0.32319152      0.31033978      0.29298895
      0.34000002      0.33828987      0.33310674      0.32428416      0.31151305      0.29427978
      0.34100002      0.33929946      0.33414588      0.32537524      0.31268331      0.29556537
      0.34200002      0.34030890      0.33518438      0.32646480      0.31385066      0.29684590
      0.34300002      0.34131819      0.33622225      0.32755288      0.31501519      0.29812154
      0.34400002      0.34232733      0.33725952      0.32863954      0.31617700      0.29939243
      0.34500002      0.34333633      0.33829620      0.32972481      0.31733616      0.30065874
      0.34600002      0.34434519      0.33933231      0.33080874      0.31849276      0.30192060
      0.34700002      0.34535392      0.34036787      0.33189138      0.31964687      0.30317816
      0.34800002      0.34636252      0.34140290      0.33297274      0.32079857      0.30443153
      0.34900002      0.34737099      0.34243740      0.33405288      0.32194792      0.30568085
      0.35000002      0.34837933      0.34347140      0.33513183      0.32309500      0.30692623
      0.35100002      0.34938756      0.34450491      0.33620962      0.32423987      0.30816779
      0.35200002      0.35039567      0.34553794      0.33728628      0.32538259      0.30940564
      0.35300002      0.35140367      0.34657050      0.33836184      0.32652322      0.31063988
      0.35400002      0.35241155      0.34760261      0.33943634      0.32766181      0.31187061
      0.35500002      0.35341933      0.34863428      0.34050979      0.32879842      0.31309793
      0.35600002      0.35442701      0.34966552      0.34158224      0.32993311      0.31432192
      0.35700002      0.35543458      0.35069634      0.34265369      0.33106592      0.31554268
      0.35800002      0.35644205      0.35172675      0.34372419      0.33219690      0.31676029
      0.35900002      0.35744943      0.35275676      0.34479375      0.33332609      0.31797484
      0.36000002      0.35845589      0.35378306      0.34585474      0.33443949      0.31916338
      0.36100002      0.35946306      0.35481224      0.34692235      0.33556499      0.32037161
      0.36200002      0.36047013      0.35584099      0.34798895      0.33668859      0.32157659
      0.36300002      0.36147709      0.35686932      0.34905457      0.33781033      0.32277841
      0.36400002      0.36248396      0.35789724      0.35011922      0.33893025      0.32397711
      0.36500002      0.36349072      0.35892476      0.35118293      0.34004838      0.32517278
      0.36600002      0.36449739      0.35995188      0.35224570      0.34116475      0.32636545
      0.36700002      0.36550397      0.36097861      0.35330757      0.34227940      0.32755521
      0.36800002      0.36651045      0.36200496      0.35436854      0.34339237      0.32874209
      0.36900002      0.36751683      0.36303093      0.35542863      0.34450367      0.32992617
      0.37000002      0.36852313      0.36405653      0.35648785      0.34561335      0.33110748
      0.37100002      0.36952934      0.36508177      0.35754623      0.34672144      0.33228609
      0.37200002      0.37053546      0.36610665      0.35860377      0.34782794      0.33346204
      0.37300002      0.37154150      0.36713118      0.35966049      0.34893291      0.33463537
      0.37400002      0.37254745      0.36815537      0.36071640      0.35003636      0.33580614
      0.37500002      0.37355332      0.36917921      0.36177152      0.35113831      0.33697438
      0.37600002      0.37455911      0.37020272      0.36282586      0.35223880      0.33814015
      0.37700002      0.37556481      0.37122590      0.36387942      0.35333784      0.33930347
      0.37800002      0.37657044      0.37224875      0.36493223      0.35443545      0.34046440
      0.37900002      0.37757598      0.37327129      0.36598429      0.35553167      0.34162297
      0.38000002      0.37858145      0.37429350      0.36703561      0.35662651      0.34277922
      0.38100002      0.37958685      0.37531541      0.36808621      0.35771998      0.34393318
      0.38200002      0.38059217      0.37633701      0.36913610      0.35881212      0.34508489
      0.38300002      0.38159741      0.37735831      0.37018527      0.35990293      0.34623438
      0.38400002      0.38260258      0.37837930      0.37123376      0.36099245      0.34738169
      0.38500002      0.38360768      0.37940001      0.37228155      0.36208068      0.34852684
      0.38600002      0.38461271      0.38042042      0.37332867      0.36316764      0.34966987
      0.38700002      0.38561766      0.38144054      0.37437512      0.36425335      0.35081080
      0.38800002      0.38662255      0.38246038      0.37542090      0.36533783      0.35194967
      0.38900002      0.38762737      0.38347994      0.37646604      0.36642109      0.35308651
      0.39000002      0.38863212      0.38449922      0.37751053      0.36750315      0.35422133
      0.39100002      0.38963680      0.38551823      0.37855438      0.36858402      0.35535417
      0.39200002      0.39064142      0.38653697      0.37959761      0.36966372      0.35648505
      0.39300002      0.39164597      0.38755544      0.38064021      0.37074225      0.35761400
      0.39400002      0.39265045      0.38857364      0.38168219      0.37181964      0.35874103
      0.39500002      0.39365488      0.38959158      0.38272357      0.37289590      0.35986618
      0.39600002      0.39465923      0.39060926      0.38376434      0.37397104      0.36098946
      0.39700002      0.39566353      0.39162669      0.38480452      0.37504507      0.36211090
      0.39800002      0.39666776      0.39264386      0.38584411      0.37611800      0.36323052
      0.39900002      0.39767193      0.39366077      0.38688311      0.37718984      0.36434833
