      1.29999995      0.00000000     -0.02473886      32
      1.39999995      0.00000000     -0.02473886      16
      1.49999996     -0.00000000     -0.02473886       9
      1.59999996      0.00000000     -0.02473886       9
      1.69999996      0.00000000     -0.02473886      12
      1.79999996      0.00000001     -0.02473886      16
      1.89999996      0.00000001     -0.02473886      21
      1.99999996      0.00000001     -0.02473886      26
      2.09999996      0.00000002     -0.02473886      31
      2.19999997      0.00000002     -0.02473886      38
      2.29999997      0.00000002     -0.02473886      46
      2.39999997      0.00000003     -0.02473886      55
      2.49999997      0.00000004     -0.02473886      66
      2.59999997      0.00000006     -0.02473886      81
      2.69999997      0.00000008     -0.02473886     100
      2.79999997      0.00000011     -0.02473886     129
      2.89999998      0.00000018     -0.02473886     175
      2.99999998      0.00000035     -0.02473886     271
      3.09999998      0.00000173     -0.02473886     700
      3.19999998      0.00011424     -0.02473886     364
      3.29999998      0.00025562     -0.02473886     344
      3.39999998      0.00049675     -0.02473886     364
      3.49999999      0.00090801     -0.02473886     383
      3.59999999      0.00157688     -0.02473886     402
      3.69999999      0.00261824     -0.02473886     418
      3.79999999      0.00417730     -0.02473886     433
      3.89999999      0.00643114     -0.02473886     447
      3.99999999      0.00958856     -0.02473887     459
      4.09999999      0.01388844     -0.02473887     470
      4.20000000      0.01959664     -0.02473887     480
      4.30000000      0.02700158     -0.02473889     489
      4.40000000      0.03640888     -0.02473890     497
      4.50000000      0.04813532     -0.02473893     504
      4.60000000      0.06250239     -0.02473898     509
      4.70000000      0.07982985     -0.02473906     514
      4.80000000      0.10042961     -0.02473917     518
      4.90000001      0.12459997     -0.02473934     521
      5.00000001      0.15262059     -0.02473958     523
      5.10000001      0.18474822     -0.02473991     524
      5.20000001      0.22121331     -0.02474037     523
      5.30000001      0.26221742     -0.02474098     521
      5.40000001      0.30793159     -0.02474178     516
      5.50000001      0.35849544     -0.02474281     507
      5.60000002      0.41401705     -0.02474413     490
      5.70000002      0.47457347     -0.02474578     444
      5.80000002      0.54021104     -0.02474783     465
      5.90000002      0.61095011     -0.02475033     509
      6.00000002      0.68678216     -0.02475335     532
      6.10000002      0.76767525     -0.02475696     549
      6.20000003      0.85357552     -0.02476123     563
      6.30000003      0.94440968     -0.02476623     574
      6.40000003      1.04008760     -0.02477204     584
      6.50000003      1.14050472     -0.02477874     593
      6.60000003      1.24554455     -0.02478640     602
      6.70000003      1.35508092     -0.02479509     609
      6.80000003      1.46898025     -0.02480489     617
      6.90000004      1.58710349     -0.02481587     624
      7.00000004      1.70930798     -0.02482811     630
      7.10000004      1.83544918     -0.02484166     636
      7.20000004      1.96538208     -0.02485660     643
      7.30000004      2.09896248     -0.02487299     649
      7.40000004      2.23604818     -0.02489088     654
      7.50000004      2.37649991     -0.02491033     660
      7.60000005      2.52018208     -0.02493139     666
      7.70000005      2.66696347     -0.02495411     672
      7.80000005      2.81671770     -0.02497854     677
      7.90000005      2.96932370     -0.02500470     683
      8.00000005      3.12466592     -0.02503264     689
      8.10000005      3.28263453     -0.02506239     695
      8.20000006      3.44312555     -0.02509399     700
      8.30000006      3.60604091     -0.02512744     706
      8.40000006      3.77128836     -0.02516279     712
      8.50000006      3.93878143     -0.02520004     718
      8.60000006      4.10843931     -0.02523921     724
      8.70000006      4.28018671     -0.02528032     731
      8.80000006      4.45395365     -0.02532337     737
      8.90000007      4.62967528     -0.02536838     743
      9.00000007      4.80729167     -0.02541535     750
      9.10000007      4.98674758     -0.02546428     757
      9.20000007      5.16799220     -0.02551517     763
      9.30000007      5.35097897     -0.02556803     770
      9.40000007      5.53566529     -0.02562285     777
      9.50000007      5.72201234     -0.02567963     785
      9.60000008      5.90998478     -0.02573837     792
      9.70000008      6.09955061     -0.02579905     799
      9.80000008      6.29068090     -0.02586168     807
      9.90000008      6.48334959     -0.02592624     815
     10.00000008      6.67753329     -0.02599272     823
     10.10000008      6.87321113     -0.02606112     831
     10.20000008      7.07036449     -0.02613142     839
     10.30000009      7.26897695     -0.02620361     848
     10.40000009      7.46903398     -0.02627769     856
     10.50000009      7.67052294     -0.02635363     865
     10.60000009      7.87343283     -0.02643143     874
     10.70000009      8.07775417     -0.02651107     883
     10.80000009      8.28347893     -0.02659255     892
     10.90000010      8.49060035     -0.02667584     901
     11.00000010      8.69911286     -0.02676094     911
     11.10000010      8.90901195     -0.02684783     920
     11.20000010      9.12029414     -0.02693649     930
     11.30000010      9.33295681     -0.02702692     940
     11.40000010      9.54699815     -0.02711910     950
     11.50000010      9.76241712     -0.02721301     961
     11.60000011      9.97921332     -0.02730865     971
     11.70000011     10.19738697     -0.02740600     982
     11.80000011     10.41693881     -0.02750505     992
     11.90000011     10.63787011     -0.02760578    1003
     12.00000011     10.86018255     -0.02770819    1014
     12.10000011     11.08387819     -0.02781225    1026
     12.20000011     11.30895946     -0.02791796    1037
     12.30000012     11.53542908     -0.02802530    1049
     12.40000012     11.76329006     -0.02813427    1060
     12.50000012     11.99254565     -0.02824484    1072
     12.60000012     12.22319929     -0.02835701    1084
     12.70000012     12.45525462     -0.02847077    1096
     12.80000012     12.68871542     -0.02858611    1108
     12.90000013     12.92358562     -0.02870301    1121
     13.00000013     13.15986923     -0.02882146    1133
     13.10000013     13.39757042     -0.02894145    1146
     13.20000013     13.63669336     -0.02906298    1159
     13.30000013     13.87724231     -0.02918603    1172
     13.40000013     14.11922160     -0.02931059    1185
     13.50000013     14.36263556     -0.02943666    1199
     13.60000014     14.60748854     -0.02956422    1212
     13.70000014     14.85378493     -0.02969326    1226
     13.80000014     15.10152909     -0.02982377    1239
     13.90000014     15.35072540     -0.02995576    1253
     14.00000014     15.60137820     -0.03008920    1267
     14.10000014     15.85349183     -0.03022408    1281
     14.20000014     16.10707058     -0.03036041    1296
     14.30000015     16.36211872     -0.03049817    1310
     14.40000015     16.61864049     -0.03063736    1325
     14.50000015     16.87664006     -0.03077796    1339
     14.60000015     17.13612159     -0.03091997    1354
     14.70000015     17.39708916     -0.03106338    1369
     14.80000015     17.65954682     -0.03120819    1384
     14.90000015     17.92349856     -0.03135438    1400
     15.00000016     18.18894829     -0.03150196    1415
     15.10000016     18.45589991     -0.03165091    1431
     15.20000016     18.72435720     -0.03180123    1446
     15.30000016     18.99432394     -0.03195291    1462
     15.40000016     19.26580381     -0.03210595    1478
     15.50000016     19.53880044     -0.03226033    1494
     15.60000017     19.81331741     -0.03241606    1511
     15.70000017     20.08935818     -0.03257313    1527
     15.80000017     20.36692623     -0.03273153    1543
     15.90000017     20.64602493     -0.03289126    1560
     16.00000017     20.92665758     -0.03305231    1577
     16.10000017     21.20882743     -0.03321468    1594
     16.20000017     21.49253769     -0.03337836    1611
     16.30000018     21.77779146     -0.03354335    1628
     16.40000018     22.06459181     -0.03370964    1645
     16.50000018     22.35294176     -0.03387722    1663
     16.60000018     22.64284423     -0.03404610    1680
     16.70000018     22.93430213     -0.03421627    1698
     16.80000018     23.22731826     -0.03438773    1716
     16.90000018     23.52189540     -0.03456046    1734
     17.00000019     23.81803625     -0.03473447    1752
     17.10000019     24.11574346     -0.03490975    1770
     17.20000019     24.41501964     -0.03508630    1788
     17.30000019     24.71586734     -0.03526412    1807
     17.40000019     25.01828902     -0.03544320    1825
     17.50000019     25.32228714     -0.03562353    1844
     17.60000020     25.62786407     -0.03580512    1863
     17.70000020     25.93502215     -0.03598796    1882
     17.80000020     26.24376367     -0.03617205    1901
     17.90000020     26.55409085     -0.03635738    1920
     18.00000020     26.86600589     -0.03654395    1940
     18.10000020     27.17951091     -0.03673176    1959
     18.20000020     27.49460802     -0.03692080    1979
     18.30000021     27.81129926     -0.03711108    1998
     18.40000021     28.12958664     -0.03730259    2018
     18.50000021     28.44947211     -0.03749532    2038
     18.60000021     28.77095760     -0.03768927    2058
     18.70000021     29.09404498     -0.03788445    2079
     18.80000021     29.41873608     -0.03808084    2099
     18.90000021     29.74503270     -0.03827845    2119
     19.00000022     30.07293661     -0.03847727    2140
     19.10000022     30.40244951     -0.03867731    2161
     19.20000022     30.73357308     -0.03887855    2182
     19.30000022     31.06630898     -0.03908100    2203
     19.40000022     31.40065881     -0.03928465    2224
     19.50000022     31.73662414     -0.03948950    2245
     19.60000023     32.07420652     -0.03969556    2266
     19.70000023     32.41340746     -0.03990281    2288
     19.80000023     32.75422842     -0.04011125    2309
     19.90000023     33.09667086     -0.04032089    2331
