      0.00100000      0.00038215      0.00009730      0.00005445      0.00011520      0.00011520
      0.00200000      0.00039192      0.00010573      0.00005574      0.00011523      0.00011523
      0.00300000      0.00039398      0.00010746      0.00005598      0.00011527      0.00011527
      0.00400000      0.00039482      0.00010809      0.00005607      0.00011533      0.00011533
      0.00500000      0.00039532      0.00010839      0.00005611      0.00011541      0.00011541
      0.00600000      0.00039571      0.00010857      0.00005613      0.00011550      0.00011550
      0.00700000      0.00039607      0.00010868      0.00005615      0.00011562      0.00011562
      0.00800000      0.00039643      0.00010877      0.00005616      0.00011575      0.00011575
      0.00900000      0.00039681      0.00010884      0.00005617      0.00011590      0.00011590
      0.01000000      0.00039721      0.00010891      0.00005618      0.00011606      0.00011606
      0.01100000      0.00039765      0.00010896      0.00005619      0.00011625      0.00011625
      0.01200000      0.00039812      0.00010902      0.00005620      0.00011645      0.00011645
      0.01300000      0.00039864      0.00010908      0.00005620      0.00011668      0.00011668
      0.01400000      0.00039918      0.00010914      0.00005621      0.00011692      0.00011692
      0.01500000      0.00039977      0.00010919      0.00005622      0.00011718      0.00011718
      0.01600000      0.00040041      0.00010926      0.00005623      0.00011746      0.00011746
      0.01700000      0.00040108      0.00010932      0.00005624      0.00011776      0.00011776
      0.01800000      0.00040180      0.00010939      0.00005625      0.00011809      0.00011809
      0.01900000      0.00040257      0.00010946      0.00005626      0.00011843      0.00011843
      0.02000000      0.00040338      0.00010953      0.00005627      0.00011879      0.00011879
      0.02100000      0.00040424      0.00010960      0.00005628      0.00011918      0.00011918
      0.02200000      0.00040516      0.00010968      0.00005629      0.00011959      0.00011959
      0.02300000      0.00040612      0.00010976      0.00005630      0.00012003      0.00012003
      0.02400000      0.00040713      0.00010985      0.00005631      0.00012049      0.00012049
      0.02500000      0.00040820      0.00010994      0.00005632      0.00012097      0.00012097
      0.02600000      0.00040933      0.00011003      0.00005633      0.00012148      0.00012148
      0.02700000      0.00041051      0.00011013      0.00005635      0.00012202      0.00012202
      0.02800000      0.00041175      0.00011023      0.00005636      0.00012258      0.00012258
      0.02900000      0.00041306      0.00011033      0.00005637      0.00012318      0.00012318
      0.03000000      0.00041443      0.00011044      0.00005639      0.00012380      0.00012380
      0.03100000      0.00041586      0.00011055      0.00005640      0.00012445      0.00012445
      0.03200000      0.00041737      0.00011067      0.00005642      0.00012514      0.00012514
      0.03300000      0.00041895      0.00011079      0.00005643      0.00012586      0.00012586
      0.03400000      0.00042061      0.00011091      0.00005645      0.00012662      0.00012662
      0.03500000      0.00042235      0.00011104      0.00005647      0.00012742      0.00012742
      0.03600000      0.00042417      0.00011117      0.00005648      0.00012825      0.00012825
      0.03700000      0.00042608      0.00011131      0.00005650      0.00012913      0.00012913
      0.03800000      0.00042808      0.00011145      0.00005652      0.00013005      0.00013005
      0.03900000      0.00043018      0.00011160      0.00005654      0.00013102      0.00013102
      0.04000000      0.00043239      0.00011175      0.00005656      0.00013204      0.00013204
      0.04100000      0.00043470      0.00011190      0.00005658      0.00013311      0.00013311
      0.04200000      0.00043714      0.00011206      0.00005660      0.00013424      0.00013424
      0.04300000      0.00043970      0.00011222      0.00005662      0.00013543      0.00013543
      0.04400000      0.00044240      0.00011239      0.00005664      0.00013668      0.00013668
      0.04500000      0.00044525      0.00011257      0.00005666      0.00013801      0.00013801
      0.04600000      0.00044825      0.00011274      0.00005668      0.00013941      0.00013941
      0.04700000      0.00045142      0.00011293      0.00005671      0.00014089      0.00014089
      0.04800000      0.00045478      0.00011312      0.00005673      0.00014247      0.00014247
      0.04900000      0.00045835      0.00011331      0.00005675      0.00014414      0.00014414
      0.05000000      0.00046214      0.00011351      0.00005678      0.00014593      0.00014593
      0.05100000      0.00046618      0.00011371      0.00005680      0.00014783      0.00014783
      0.05200000      0.00047049      0.00011392      0.00005683      0.00014987      0.00014987
      0.05300000      0.00047512      0.00011413      0.00005686      0.00015206      0.00015206
      0.05400000      0.00048009      0.00011435      0.00005688      0.00015443      0.00015443
      0.05500000      0.00048547      0.00011458      0.00005691      0.00015699      0.00015699
      0.05600000      0.00049131      0.00011481      0.00005694      0.00015978      0.00015978
      0.05700000      0.00049769      0.00011505      0.00005696      0.00016284      0.00016284
      0.05800000      0.00050471      0.00011529      0.00005699      0.00016621      0.00016621
      0.05900000      0.00051249      0.00011554      0.00005702      0.00016996      0.00016996
      0.06000000      0.00052122      0.00011580      0.00005705      0.00017418      0.00017418
      0.06100000      0.00053113      0.00011606      0.00005708      0.00017899      0.00017899
      0.06200000      0.00054258      0.00011633      0.00005711      0.00018457      0.00018457
      0.06300000      0.00055611      0.00011661      0.00005715      0.00019118      0.00019118
      0.06400000      0.00057260      0.00011689      0.00005718      0.00019927      0.00019927
      0.06500000      0.00059363      0.00011718      0.00005721      0.00020962      0.00020962
      0.06600000      0.00062246      0.00011747      0.00005724      0.00022387      0.00022387
      0.06700000      0.00066751      0.00011778      0.00005728      0.00024623      0.00024622
      0.06800000      0.00076183      0.00011809      0.00005731      0.00029322      0.00029321
      0.06900000      0.00066363      0.00011841      0.00005735      0.00024394      0.00024394
      0.07000000      0.00062055      0.00011874      0.00005738      0.00022221      0.00022221
      0.07100000      0.00059319      0.00011907      0.00005742      0.00020835      0.00020835
      0.07200000      0.00057323      0.00011942      0.00005746      0.00019818      0.00019818
      0.07300000      0.00055758      0.00011977      0.00005749      0.00019016      0.00019016
      0.07400000      0.00054473      0.00012013      0.00005753      0.00018353      0.00018353
      0.07500000      0.00053385      0.00012050      0.00005757      0.00017789      0.00017789
      0.07600000      0.00052443      0.00012088      0.00005761      0.00017297      0.00017297
      0.07700000      0.00051614      0.00012127      0.00005765      0.00016861      0.00016861
      0.07800000      0.00050875      0.00012167      0.00005769      0.00016470      0.00016470
      0.07900000      0.00050209      0.00012208      0.00005773      0.00016114      0.00016114
      0.08000000      0.00049605      0.00012250      0.00005777      0.00015789      0.00015789
      0.08100000      0.00049051      0.00012293      0.00005781      0.00015489      0.00015489
      0.08200000      0.00048542      0.00012337      0.00005786      0.00015210      0.00015210
      0.08300000      0.00048071      0.00012382      0.00005790      0.00014950      0.00014950
      0.08400000      0.00047634      0.00012429      0.00005794      0.00014706      0.00014706
      0.08500000      0.00047227      0.00012476      0.00005799      0.00014476      0.00014476
      0.08600000      0.00046846      0.00012525      0.00005803      0.00014259      0.00014259
      0.08700000      0.00046490      0.00012576      0.00005808      0.00014053      0.00014053
      0.08800000      0.00046155      0.00012627      0.00005813      0.00013857      0.00013857
      0.08900000      0.00045840      0.00012680      0.00005818      0.00013671      0.00013671
      0.09000000      0.00045543      0.00012735      0.00005822      0.00013493      0.00013493
      0.09100000      0.00045263      0.00012791      0.00005827      0.00013323      0.00013323
      0.09200000      0.00044999      0.00012848      0.00005832      0.00013159      0.00013159
      0.09300000      0.00044750      0.00012908      0.00005837      0.00013002      0.00013002
      0.09400000      0.00044513      0.00012969      0.00005842      0.00012851      0.00012851
      0.09500000      0.00044290      0.00013031      0.00005848      0.00012706      0.00012706
      0.09600000      0.00044079      0.00013096      0.00005853      0.00012565      0.00012565
      0.09700000      0.00043880      0.00013162      0.00005858      0.00012430      0.00012430
      0.09800000      0.00043691      0.00013231      0.00005863      0.00012298      0.00012298
      0.09900000      0.00043513      0.00013301      0.00005869      0.00012171      0.00012171
      0.10000000      0.00043345      0.00013374      0.00005874      0.00012048      0.00012048
      0.10100000      0.00043186      0.00013449      0.00005880      0.00011929      0.00011929
      0.10200000      0.00043037      0.00013526      0.00005886      0.00011813      0.00011813
      0.10300000      0.00042897      0.00013606      0.00005892      0.00011700      0.00011700
      0.10400000      0.00042766      0.00013689      0.00005897      0.00011590      0.00011590
      0.10500000      0.00042644      0.00013774      0.00005903      0.00011483      0.00011483
      0.10600001      0.00042530      0.00013862      0.00005909      0.00011379      0.00011379
      0.10700001      0.00042424      0.00013953      0.00005915      0.00011278      0.00011278
      0.10800001      0.00042327      0.00014048      0.00005922      0.00011179      0.00011179
      0.10900001      0.00042238      0.00014146      0.00005928      0.00011082      0.00011082
      0.11000001      0.00042158      0.00014248      0.00005934      0.00010988      0.00010988
      0.11100001      0.00042086      0.00014353      0.00005941      0.00010896      0.00010896
      0.11200001      0.00042022      0.00014463      0.00005947      0.00010806      0.00010806
      0.11300001      0.00041966      0.00014577      0.00005954      0.00010718      0.00010718
      0.11400001      0.00041919      0.00014695      0.00005960      0.00010632      0.00010632
      0.11500001      0.00041881      0.00014819      0.00005967      0.00010547      0.00010547
      0.11600001      0.00041851      0.00014948      0.00005974      0.00010465      0.00010465
      0.11700001      0.00041831      0.00015083      0.00005981      0.00010384      0.00010384
      0.11800001      0.00041820      0.00015223      0.00005988      0.00010305      0.00010305
      0.11900001      0.00041819      0.00015371      0.00005995      0.00010227      0.00010227
      0.12000001      0.00041828      0.00015525      0.00006002      0.00010151      0.00010151
      0.12100001      0.00041848      0.00015688      0.00006009      0.00010076      0.00010076
      0.12200001      0.00041880      0.00015858      0.00006017      0.00010002      0.00010002
      0.12300001      0.00041923      0.00016038      0.00006024      0.00009930      0.00009930
      0.12400001      0.00041979      0.00016229      0.00006032      0.00009859      0.00009859
      0.12500001      0.00042049      0.00016430      0.00006039      0.00009790      0.00009790
      0.12600001      0.00042134      0.00016644      0.00006047      0.00009722      0.00009722
      0.12700001      0.00042235      0.00016871      0.00006055      0.00009654      0.00009654
      0.12800001      0.00042354      0.00017114      0.00006063      0.00009588      0.00009588
      0.12900001      0.00042492      0.00017374      0.00006071      0.00009524      0.00009524
      0.13000001      0.00042652      0.00017653      0.00006079      0.00009460      0.00009460
      0.13100001      0.00042836      0.00017955      0.00006087      0.00009397      0.00009397
      0.13200001      0.00043049      0.00018283      0.00006096      0.00009335      0.00009335
      0.13300001      0.00043293      0.00018640      0.00006104      0.00009274      0.00009274
      0.13400001      0.00043574      0.00019033      0.00006113      0.00009214      0.00009214
      0.13500001      0.00043900      0.00019468      0.00006122      0.00009155      0.00009155
      0.13600001      0.00044278      0.00019954      0.00006130      0.00009097      0.00009097
      0.13700001      0.00044722      0.00020503      0.00006139      0.00009040      0.00009040
      0.13800001      0.00045248      0.00021132      0.00006148      0.00008984      0.00008984
      0.13900001      0.00045880      0.00021866      0.00006158      0.00008928      0.00008928
      0.14000001      0.00046656      0.00022743      0.00006167      0.00008873      0.00008873
      0.14100001      0.00047638      0.00023823      0.00006176      0.00008819      0.00008819
      0.14200001      0.00048937      0.00025219      0.00006186      0.00008766      0.00008766
      0.14300001      0.00050782      0.00027160      0.00006195      0.00008713      0.00008713
      0.14400001      0.00053757      0.00030229      0.00006205      0.00008662      0.00008662
      0.14500001      0.00059990      0.00036554      0.00006215      0.00008611      0.00008611
      0.14600001      0.00053202      0.00029857      0.00006225      0.00008560      0.00008560
      0.14700001      0.00049754      0.00026498      0.00006235      0.00008510      0.00008510
      0.14800001      0.00047478      0.00024310      0.00006245      0.00008461      0.00008461
      0.14900001      0.00045774      0.00022693      0.00006256      0.00008413      0.00008413
      0.15000001      0.00044406      0.00021410      0.00006266      0.00008365      0.00008365
      0.15100001      0.00043259      0.00020346      0.00006277      0.00008318      0.00008318
      0.15200001      0.00042268      0.00019438      0.00006288      0.00008271      0.00008271
      0.15300001      0.00041394      0.00018645      0.00006299      0.00008225      0.00008225
      0.15400001      0.00040610      0.00017941      0.00006310      0.00008180      0.00008180
      0.15500001      0.00039899      0.00017308      0.00006321      0.00008135      0.00008135
      0.15600001      0.00039247      0.00016734      0.00006332      0.00008091      0.00008091
      0.15700001      0.00038645      0.00016208      0.00006344      0.00008047      0.00008047
      0.15800001      0.00038086      0.00015723      0.00006356      0.00008004      0.00008004
      0.15900001      0.00037562      0.00015273      0.00006367      0.00007961      0.00007961
      0.16000001      0.00037071      0.00014855      0.00006379      0.00007918      0.00007918
      0.16100001      0.00036607      0.00014463      0.00006392      0.00007877      0.00007877
      0.16200001      0.00036169      0.00014094      0.00006404      0.00007835      0.00007835
      0.16300001      0.00035753      0.00013747      0.00006416      0.00007794      0.00007794
      0.16400001      0.00035356      0.00013419      0.00006429      0.00007754      0.00007754
      0.16500001      0.00034978      0.00013108      0.00006442      0.00007714      0.00007714
      0.16600001      0.00034617      0.00012813      0.00006455      0.00007675      0.00007675
      0.16700001      0.00034271      0.00012532      0.00006468      0.00007636      0.00007636
      0.16800001      0.00033938      0.00012263      0.00006481      0.00007597      0.00007597
      0.16900001      0.00033619      0.00012007      0.00006495      0.00007559      0.00007559
      0.17000001      0.00033312      0.00011762      0.00006509      0.00007521      0.00007521
      0.17100001      0.00033016      0.00011527      0.00006523      0.00007483      0.00007483
      0.17200001      0.00032730      0.00011301      0.00006537      0.00007446      0.00007446
      0.17300001      0.00032455      0.00011084      0.00006551      0.00007410      0.00007410
      0.17400001      0.00032188      0.00010876      0.00006566      0.00007373      0.00007373
      0.17500001      0.00031930      0.00010675      0.00006580      0.00007337      0.00007337
      0.17600001      0.00031680      0.00010481      0.00006595      0.00007302      0.00007302
      0.17700001      0.00031438      0.00010294      0.00006610      0.00007266      0.00007266
      0.17800001      0.00031203      0.00010114      0.00006626      0.00007231      0.00007231
      0.17900001      0.00030975      0.00009940      0.00006641      0.00007197      0.00007197
      0.18000001      0.00030753      0.00009771      0.00006657      0.00007163      0.00007163
      0.18100001      0.00030538      0.00009607      0.00006673      0.00007129      0.00007129
      0.18200001      0.00030328      0.00009449      0.00006690      0.00007095      0.00007095
      0.18300001      0.00030125      0.00009296      0.00006706      0.00007061      0.00007061
      0.18400001      0.00029926      0.00009147      0.00006723      0.00007028      0.00007028
      0.18500001      0.00029733      0.00009002      0.00006740      0.00006995      0.00006995
      0.18600001      0.00029545      0.00008862      0.00006757      0.00006963      0.00006963
      0.18700001      0.00029361      0.00008726      0.00006775      0.00006930      0.00006930
      0.18800001      0.00029182      0.00008593      0.00006793      0.00006898      0.00006898
      0.18900001      0.00029008      0.00008464      0.00006811      0.00006866      0.00006866
      0.19000001      0.00028837      0.00008339      0.00006829      0.00006835      0.00006835
      0.19100001      0.00028671      0.00008217      0.00006848      0.00006803      0.00006803
      0.19200001      0.00028508      0.00008098      0.00006867      0.00006772      0.00006772
      0.19300001      0.00028349      0.00007982      0.00006886      0.00006740      0.00006740
      0.19400001      0.00028193      0.00007869      0.00006906      0.00006709      0.00006709
      0.19500001      0.00028040      0.00007758      0.00006925      0.00006678      0.00006678
      0.19600001      0.00027891      0.00007651      0.00006946      0.00006647      0.00006647
      0.19700001      0.00027744      0.00007546      0.00006966      0.00006616      0.00006616
      0.19800001      0.00027600      0.00007444      0.00006987      0.00006585      0.00006585
      0.19900001      0.00027459      0.00007344      0.00007008      0.00006553      0.00006553
      0.20000001      0.00027319      0.00007246      0.00007030      0.00006522      0.00006522
      0.20100001      0.00027182      0.00007151      0.00007052      0.00006489      0.00006489
      0.20200001      0.00027045      0.00007057      0.00007074      0.00006457      0.00006457
      0.20300001      0.00026909      0.00006966      0.00007097      0.00006423      0.00006423
      0.20400001      0.00026773      0.00006877      0.00007120      0.00006388      0.00006388
      0.20500001      0.00026635      0.00006790      0.00007144      0.00006351      0.00006351
      0.20600001      0.00026494      0.00006704      0.00007168      0.00006311      0.00006311
      0.20700001      0.00026346      0.00006621      0.00007192      0.00006267      0.00006267
      0.20800001      0.00026185      0.00006539      0.00007217      0.00006215      0.00006215
      0.20900001      0.00025999      0.00006459      0.00007242      0.00006149      0.00006149
      0.21000001      0.00025760      0.00006381      0.00007268      0.00006056      0.00006056
      0.21100001      0.00025384      0.00006304      0.00007294      0.00005893      0.00005893
      0.21200001      0.00024481      0.00006229      0.00007321      0.00005466      0.00005466
      0.21300001      0.00018318      0.00006155      0.00007348      0.00002408      0.00002408
      0.21400001      0.00026510      0.00006082      0.00007376      0.00006526      0.00006526
      0.21500001      0.00026336      0.00006012      0.00007404      0.00006460      0.00006460
      0.21600001      0.00026117      0.00005942      0.00007433      0.00006371      0.00006371
      0.21700001      0.00025946      0.00005874      0.00007462      0.00006305      0.00006305
      0.21800001      0.00025806      0.00005807      0.00007492      0.00006254      0.00006254
      0.21900001      0.00025685      0.00005741      0.00007523      0.00006211      0.00006211
      0.22000001      0.00025577      0.00005677      0.00007554      0.00006173      0.00006173
      0.22100001      0.00025478      0.00005614      0.00007586      0.00006139      0.00006139
      0.22200001      0.00025386      0.00005552      0.00007619      0.00006108      0.00006107
      0.22300001      0.00025299      0.00005491      0.00007652      0.00006078      0.00006078
      0.22400001      0.00025217      0.00005431      0.00007686      0.00006050      0.00006050
      0.22500001      0.00025139      0.00005372      0.00007721      0.00006023      0.00006023
      0.22600001      0.00025065      0.00005314      0.00007757      0.00005997      0.00005997
      0.22700001      0.00024994      0.00005258      0.00007793      0.00005972      0.00005972
      0.22800001      0.00024927      0.00005202      0.00007831      0.00005947      0.00005947
      0.22900001      0.00024862      0.00005147      0.00007869      0.00005923      0.00005923
      0.23000001      0.00024800      0.00005093      0.00007908      0.00005899      0.00005899
      0.23100001      0.00024741      0.00005040      0.00007948      0.00005876      0.00005876
      0.23200001      0.00024685      0.00004988      0.00007989      0.00005854      0.00005854
      0.23300001      0.00024632      0.00004937      0.00008031      0.00005832      0.00005832
      0.23400001      0.00024581      0.00004887      0.00008075      0.00005810      0.00005810
      0.23500001      0.00024533      0.00004837      0.00008119      0.00005788      0.00005788
      0.23600001      0.00024487      0.00004789      0.00008165      0.00005767      0.00005767
      0.23700001      0.00024444      0.00004741      0.00008211      0.00005746      0.00005746
      0.23800001      0.00024403      0.00004694      0.00008259      0.00005725      0.00005725
      0.23900001      0.00024366      0.00004648      0.00008309      0.00005705      0.00005705
      0.24000001      0.00024330      0.00004602      0.00008360      0.00005684      0.00005684
      0.24100001      0.00024298      0.00004557      0.00008412      0.00005664      0.00005664
      0.24200001      0.00024268      0.00004513      0.00008466      0.00005645      0.00005645
      0.24300001      0.00024241      0.00004469      0.00008522      0.00005625      0.00005625
      0.24400001      0.00024217      0.00004426      0.00008580      0.00005606      0.00005606
      0.24500001      0.00024196      0.00004384      0.00008639      0.00005587      0.00005587
      0.24600001      0.00024178      0.00004343      0.00008700      0.00005568      0.00005568
      0.24700001      0.00024163      0.00004302      0.00008764      0.00005549      0.00005549
      0.24800001      0.00024152      0.00004262      0.00008829      0.00005530      0.00005530
      0.24900001      0.00024143      0.00004222      0.00008897      0.00005512      0.00005512
      0.25000001      0.00024138      0.00004183      0.00008968      0.00005494      0.00005494
      0.25100001      0.00024137      0.00004144      0.00009041      0.00005476      0.00005476
      0.25200001      0.00024140      0.00004106      0.00009117      0.00005458      0.00005458
      0.25300001      0.00024146      0.00004069      0.00009197      0.00005440      0.00005440
      0.25400001      0.00024157      0.00004032      0.00009279      0.00005423      0.00005423
      0.25500001      0.00024172      0.00003996      0.00009365      0.00005406      0.00005406
      0.25600001      0.00024192      0.00003960      0.00009455      0.00005388      0.00005388
      0.25700001      0.00024217      0.00003925      0.00009549      0.00005372      0.00005372
      0.25800001      0.00024247      0.00003890      0.00009648      0.00005355      0.00005355
      0.25900001      0.00024284      0.00003856      0.00009752      0.00005338      0.00005338
      0.26000001      0.00024326      0.00003822      0.00009861      0.00005322      0.00005322
      0.26100001      0.00024375      0.00003788      0.00009976      0.00005305      0.00005305
      0.26200001      0.00024432      0.00003755      0.00010098      0.00005289      0.00005289
      0.26300001      0.00024496      0.00003723      0.00010227      0.00005273      0.00005273
      0.26400001      0.00024570      0.00003691      0.00010365      0.00005257      0.00005257
      0.26500001      0.00024654      0.00003659      0.00010512      0.00005241      0.00005241
      0.26600001      0.00024748      0.00003628      0.00010669      0.00005226      0.00005226
      0.26700001      0.00024856      0.00003597      0.00010838      0.00005210      0.00005210
      0.26800001      0.00024977      0.00003567      0.00011020      0.00005195      0.00005195
      0.26900001      0.00025116      0.00003537      0.00011219      0.00005180      0.00005180
      0.27000001      0.00025274      0.00003508      0.00011437      0.00005165      0.00005165
      0.27100001      0.00025454      0.00003479      0.00011676      0.00005150      0.00005150
      0.27200001      0.00025663      0.00003450      0.00011943      0.00005135      0.00005135
      0.27300001      0.00025906      0.00003421      0.00012243      0.00005120      0.00005120
      0.27400001      0.00026191      0.00003393      0.00012586      0.00005106      0.00005106
      0.27500001      0.00026533      0.00003366      0.00012984      0.00005092      0.00005092
      0.27600001      0.00026951      0.00003338      0.00013458      0.00005077      0.00005077
      0.27700001      0.00027477      0.00003311      0.00014039      0.00005063      0.00005063
      0.27800001      0.00028171      0.00003285      0.00014788      0.00005049      0.00005049
      0.27900001      0.00029157      0.00003259      0.00015828      0.00005035      0.00005035
      0.28000001      0.00030765      0.00003233      0.00017489      0.00005022      0.00005022
      0.28100001      0.00034394      0.00003207      0.00021170      0.00005008      0.00005008
      0.28200001      0.00030546      0.00003182      0.00017375      0.00004995      0.00004995
      0.28300001      0.00028743      0.00003157      0.00015624      0.00004981      0.00004981
      0.28400001      0.00027573      0.00003132      0.00014505      0.00004968      0.00004968
      0.28500001      0.00026702      0.00003108      0.00013684      0.00004955      0.00004955
      0.28600001      0.00026004      0.00003083      0.00013036      0.00004942      0.00004942
      0.28700001      0.00025418      0.00003060      0.00012500      0.00004929      0.00004929
      0.28800001      0.00024912      0.00003036      0.00012043      0.00004916      0.00004916
      0.28900001      0.00024464      0.00003013      0.00011643      0.00004904      0.00004904
      0.29000001      0.00024062      0.00002990      0.00011289      0.00004891      0.00004891
      0.29100001      0.00023696      0.00002967      0.00010970      0.00004879      0.00004879
      0.29200001      0.00023359      0.00002945      0.00010681      0.00004867      0.00004867
      0.29300001      0.00023047      0.00002923      0.00010415      0.00004855      0.00004855
      0.29400001      0.00022756      0.00002901      0.00010170      0.00004842      0.00004842
      0.29500001      0.00022483      0.00002879      0.00009942      0.00004831      0.00004831
      0.29600001      0.00022225      0.00002858      0.00009730      0.00004819      0.00004819
      0.29700001      0.00021981      0.00002837      0.00009530      0.00004807      0.00004807
      0.29800001      0.00021749      0.00002816      0.00009343      0.00004795      0.00004795
      0.29900001      0.00021528      0.00002795      0.00009165      0.00004784      0.00004784
      0.30000001      0.00021317      0.00002775      0.00008997      0.00004773      0.00004773
      0.30100001      0.00021115      0.00002754      0.00008837      0.00004761      0.00004761
      0.30200001      0.00020920      0.00002734      0.00008685      0.00004750      0.00004750
      0.30300001      0.00020733      0.00002715      0.00008540      0.00004739      0.00004739
      0.30400001      0.00020553      0.00002695      0.00008401      0.00004728      0.00004728
      0.30500001      0.00020379      0.00002676      0.00008268      0.00004718      0.00004718
      0.30600001      0.00020210      0.00002657      0.00008140      0.00004707      0.00004707
      0.30700001      0.00020047      0.00002638      0.00008017      0.00004696      0.00004696
      0.30800001      0.00019889      0.00002619      0.00007899      0.00004686      0.00004686
      0.30900001      0.00019736      0.00002601      0.00007785      0.00004675      0.00004675
      0.31000001      0.00019587      0.00002583      0.00007674      0.00004665      0.00004665
      0.31100001      0.00019442      0.00002564      0.00007568      0.00004655      0.00004655
      0.31200001      0.00019302      0.00002547      0.00007465      0.00004645      0.00004645
      0.31300001      0.00019164      0.00002529      0.00007366      0.00004635      0.00004635
      0.31400001      0.00019031      0.00002511      0.00007269      0.00004625      0.00004625
      0.31500001      0.00018900      0.00002494      0.00007175      0.00004615      0.00004615
      0.31600002      0.00018773      0.00002477      0.00007084      0.00004606      0.00004606
      0.31700002      0.00018648      0.00002460      0.00006996      0.00004596      0.00004596
      0.31800002      0.00018527      0.00002443      0.00006910      0.00004587      0.00004587
      0.31900002      0.00018408      0.00002427      0.00006827      0.00004577      0.00004577
      0.32000002      0.00018292      0.00002410      0.00006746      0.00004568      0.00004568
      0.32100002      0.00018178      0.00002394      0.00006666      0.00004559      0.00004559
      0.32200002      0.00018067      0.00002378      0.00006589      0.00004550      0.00004550
      0.32300002      0.00017958      0.00002362      0.00006514      0.00004541      0.00004541
      0.32400002      0.00017851      0.00002346      0.00006441      0.00004532      0.00004532
      0.32500002      0.00017746      0.00002331      0.00006369      0.00004523      0.00004523
      0.32600002      0.00017644      0.00002315      0.00006299      0.00004515      0.00004515
      0.32700002      0.00017543      0.00002300      0.00006231      0.00004506      0.00004506
      0.32800002      0.00017444      0.00002285      0.00006164      0.00004498      0.00004498
      0.32900002      0.00017347      0.00002270      0.00006099      0.00004489      0.00004489
      0.33000002      0.00017252      0.00002255      0.00006035      0.00004481      0.00004481
      0.33100002      0.00017158      0.00002241      0.00005972      0.00004473      0.00004473
      0.33200002      0.00017067      0.00002226      0.00005911      0.00004465      0.00004465
      0.33300002      0.00016976      0.00002212      0.00005851      0.00004457      0.00004457
      0.33400002      0.00016888      0.00002198      0.00005793      0.00004449      0.00004449
      0.33500002      0.00016801      0.00002183      0.00005735      0.00004441      0.00004441
      0.33600002      0.00016715      0.00002170      0.00005679      0.00004433      0.00004433
      0.33700002      0.00016631      0.00002156      0.00005623      0.00004426      0.00004426
      0.33800002      0.00016548      0.00002142      0.00005569      0.00004418      0.00004418
      0.33900002      0.00016466      0.00002129      0.00005516      0.00004411      0.00004411
      0.34000002      0.00016386      0.00002115      0.00005464      0.00004403      0.00004403
      0.34100002      0.00016307      0.00002102      0.00005413      0.00004396      0.00004396
      0.34200002      0.00016229      0.00002089      0.00005362      0.00004389      0.00004389
      0.34300002      0.00016153      0.00002076      0.00005313      0.00004382      0.00004382
      0.34400002      0.00016078      0.00002063      0.00005265      0.00004375      0.00004375
      0.34500002      0.00016003      0.00002050      0.00005217      0.00004368      0.00004368
      0.34600002      0.00015930      0.00002037      0.00005170      0.00004361      0.00004361
      0.34700002      0.00015859      0.00002025      0.00005124      0.00004355      0.00004355
      0.34800002      0.00015788      0.00002012      0.00005079      0.00004348      0.00004348
      0.34900002      0.00015718      0.00002000      0.00005035      0.00004342      0.00004342
      0.35000002      0.00015649      0.00001988      0.00004991      0.00004335      0.00004335
      0.35100002      0.00015582      0.00001976      0.00004948      0.00004329      0.00004329
      0.35200002      0.00015515      0.00001964      0.00004905      0.00004323      0.00004323
      0.35300002      0.00015449      0.00001952      0.00004864      0.00004317      0.00004317
      0.35400002      0.00015384      0.00001940      0.00004823      0.00004311      0.00004311
      0.35500002      0.00015320      0.00001929      0.00004783      0.00004305      0.00004305
      0.35600002      0.00015257      0.00001917      0.00004743      0.00004299      0.00004299
      0.35700002      0.00015195      0.00001906      0.00004704      0.00004293      0.00004293
      0.35800002      0.00015134      0.00001894      0.00004665      0.00004287      0.00004287
      0.35900002      0.00015074      0.00001883      0.00004627      0.00004282      0.00004282
      0.36000002      0.00015015      0.00001872      0.00004593      0.00004276      0.00004273
      0.36100002      0.00014956      0.00001861      0.00004557      0.00004271      0.00004267
      0.36200002      0.00014898      0.00001850      0.00004520      0.00004265      0.00004262
      0.36300002      0.00014841      0.00001839      0.00004485      0.00004260      0.00004257
      0.36400002      0.00014785      0.00001829      0.00004450      0.00004255      0.00004252
      0.36500002      0.00014729      0.00001818      0.00004415      0.00004250      0.00004246
      0.36600002      0.00014675      0.00001808      0.00004382      0.00004244      0.00004241
      0.36700002      0.00014621      0.00001797      0.00004348      0.00004239      0.00004236
      0.36800002      0.00014568      0.00001787      0.00004315      0.00004234      0.00004231
      0.36900002      0.00014515      0.00001777      0.00004283      0.00004229      0.00004226
      0.37000002      0.00014463      0.00001766      0.00004251      0.00004224      0.00004221
      0.37100002      0.00014412      0.00001756      0.00004220      0.00004220      0.00004216
      0.37200002      0.00014362      0.00001746      0.00004189      0.00004215      0.00004212
      0.37300002      0.00014312      0.00001736      0.00004159      0.00004210      0.00004207
      0.37400002      0.00014263      0.00001727      0.00004129      0.00004205      0.00004202
      0.37500002      0.00014215      0.00001717      0.00004100      0.00004201      0.00004198
      0.37600002      0.00014167      0.00001707      0.00004071      0.00004196      0.00004193
      0.37700002      0.00014120      0.00001698      0.00004042      0.00004192      0.00004189
      0.37800002      0.00014074      0.00001688      0.00004014      0.00004187      0.00004184
      0.37900002      0.00014028      0.00001679      0.00003986      0.00004183      0.00004180
      0.38000002      0.00013983      0.00001670      0.00003959      0.00004179      0.00004175
      0.38100002      0.00013938      0.00001660      0.00003932      0.00004174      0.00004171
      0.38200002      0.00013894      0.00001651      0.00003906      0.00004170      0.00004167
      0.38300002      0.00013851      0.00001642      0.00003880      0.00004166      0.00004163
      0.38400002      0.00013808      0.00001633      0.00003854      0.00004162      0.00004159
      0.38500002      0.00013766      0.00001624      0.00003829      0.00004158      0.00004155
      0.38600002      0.00013724      0.00001615      0.00003804      0.00004154      0.00004151
      0.38700002      0.00013683      0.00001606      0.00003780      0.00004150      0.00004147
      0.38800002      0.00013643      0.00001598      0.00003756      0.00004146      0.00004143
      0.38900002      0.00013603      0.00001589      0.00003732      0.00004142      0.00004139
      0.39000002      0.00013563      0.00001581      0.00003708      0.00004139      0.00004135
      0.39100002      0.00013524      0.00001572      0.00003685      0.00004135      0.00004132
      0.39200002      0.00013486      0.00001564      0.00003663      0.00004131      0.00004128
      0.39300002      0.00013448      0.00001555      0.00003640      0.00004128      0.00004125
      0.39400002      0.00013411      0.00001547      0.00003618      0.00004124      0.00004121
      0.39500002      0.00013374      0.00001539      0.00003597      0.00004121      0.00004118
      0.39600002      0.00013338      0.00001531      0.00003575      0.00004118      0.00004114
      0.39700002      0.00013302      0.00001523      0.00003554      0.00004114      0.00004111
      0.39800002      0.00013267      0.00001515      0.00003534      0.00004111      0.00004108
      0.39900002      0.00013232      0.00001507      0.00003513      0.00004108      0.00004104
