      0.00100000      0.00082374      0.00082389      0.00082389      0.00082375      0.00082324
      0.00200000      0.00162231      0.00162268      0.00162268      0.00162223      0.00162053
      0.00300000      0.00242570      0.00242629      0.00242628      0.00242555      0.00242274
      0.00400000      0.00323051      0.00323131      0.00323130      0.00323030      0.00322642
      0.00500000      0.00403588      0.00403689      0.00403686      0.00403560      0.00403068
      0.00600000      0.00484148      0.00484269      0.00484266      0.00484113      0.00483517
      0.00700000      0.00564716      0.00564859      0.00564855      0.00564675      0.00563975
      0.00800000      0.00645285      0.00645448      0.00645444      0.00645238      0.00644434
      0.00900000      0.00725849      0.00726033      0.00726028      0.00725795      0.00724888
      0.01000000      0.00806405      0.00806610      0.00806604      0.00806344      0.00805333
      0.01100000      0.00886949      0.00887174      0.00887168      0.00886882      0.00885766
      0.01200000      0.00967478      0.00967724      0.00967717      0.00967404      0.00966183
      0.01300000      0.01047991      0.01048258      0.01048250      0.01047911      0.01046584
      0.01400000      0.01128485      0.01128773      0.01128765      0.01128398      0.01126965
      0.01500000      0.01208959      0.01209268      0.01209259      0.01208865      0.01207324
      0.01600000      0.01289410      0.01289740      0.01289730      0.01289308      0.01287661
      0.01700000      0.01369836      0.01370188      0.01370177      0.01369728      0.01367971
      0.01800000      0.01450237      0.01450610      0.01450598      0.01450121      0.01448254
      0.01900000      0.01530609      0.01531004      0.01530991      0.01530486      0.01528509
      0.02000000      0.01610952      0.01611368      0.01611355      0.01610821      0.01608732
      0.02100000      0.01691263      0.01691700      0.01691686      0.01691124      0.01688922
      0.02200000      0.01771540      0.01772000      0.01771985      0.01771393      0.01769077
      0.02300000      0.01851782      0.01852264      0.01852248      0.01851627      0.01849195
      0.02400000      0.01931988      0.01932491      0.01932475      0.01931824      0.01929275
      0.02500000      0.02012154      0.02012680      0.02012662      0.02011981      0.02009314
      0.02600000      0.02092280      0.02092828      0.02092809      0.02092098      0.02089311
      0.02700000      0.02172362      0.02172933      0.02172913      0.02172171      0.02169263
      0.02800000      0.02252401      0.02252994      0.02252973      0.02252200      0.02249168
      0.02900000      0.02332393      0.02333009      0.02332987      0.02332182      0.02329025
      0.03000000      0.02412336      0.02412976      0.02412953      0.02412116      0.02408832
      0.03100000      0.02492230      0.02492892      0.02492868      0.02491999      0.02488585
      0.03200000      0.02572071      0.02572756      0.02572731      0.02571829      0.02568284
      0.03300000      0.02651857      0.02652566      0.02652540      0.02651604      0.02647926
      0.03400000      0.02731587      0.02732320      0.02732292      0.02731322      0.02727508
      0.03500000      0.02811258      0.02812016      0.02811986      0.02810982      0.02807030
      0.03600000      0.02890869      0.02891651      0.02891619      0.02890580      0.02886487
      0.03700000      0.02970417      0.02971223      0.02971190      0.02970115      0.02965878
      0.03800000      0.03049899      0.03050730      0.03050696      0.03049584      0.03045201
      0.03900000      0.03129314      0.03130170      0.03130134      0.03128985      0.03124453
      0.04000000      0.03208660      0.03209541      0.03209503      0.03208316      0.03203632
      0.04100000      0.03287933      0.03288840      0.03288801      0.03287575      0.03282735
      0.04200000      0.03367132      0.03368065      0.03368023      0.03366758      0.03361760
      0.04300000      0.03446254      0.03447213      0.03447169      0.03445864      0.03440703
      0.04400000      0.03525296      0.03526282      0.03526236      0.03524890      0.03519562
      0.04500000      0.03604256      0.03605269      0.03605221      0.03603833      0.03598335
      0.04600000      0.03683132      0.03684172      0.03684122      0.03682691      0.03677018
      0.04700000      0.03761920      0.03762988      0.03762935      0.03761460      0.03755609
      0.04800000      0.03840618      0.03841714      0.03841659      0.03840139      0.03834105
      0.04900000      0.03919223      0.03920347      0.03920290      0.03918723      0.03912501
      0.05000000      0.03997732      0.03998885      0.03998825      0.03997211      0.03990796
      0.05100000      0.04076142      0.04077324      0.04077261      0.04075600      0.04068986
      0.05200000      0.04154450      0.04155662      0.04155596      0.04153885      0.04147068
      0.05300000      0.04232653      0.04233895      0.04233826      0.04232064      0.04225037
      0.05400000      0.04310747      0.04312020      0.04311948      0.04310134      0.04302892
      0.05500000      0.04388730      0.04390034      0.04389958      0.04388091      0.04380626
      0.05600000      0.04466598      0.04467933      0.04467854      0.04465932      0.04458240
      0.05700000      0.04544347      0.04545714      0.04545631      0.04543653      0.04535724
      0.05800000      0.04621974      0.04623373      0.04623287      0.04621250      0.04613079
      0.05900000      0.04699475      0.04700907      0.04700817      0.04698720      0.04690297
      0.06000000      0.04776845      0.04778312      0.04778217      0.04776059      0.04767378
      0.06100000      0.04854082      0.04855583      0.04855484      0.04853262      0.04844312
      0.06200000      0.04931181      0.04932717      0.04932613      0.04930326      0.04921101
      0.06300000      0.05008138      0.05009709      0.05009601      0.05007246      0.04997732
      0.06400000      0.05084948      0.05086556      0.05086442      0.05084018      0.05074210
      0.06500000      0.05161607      0.05163251      0.05163132      0.05160636      0.05150517
      0.06600000      0.05238109      0.05239792      0.05239667      0.05237097      0.05226663
      0.06700000      0.05314452      0.05316173      0.05316042      0.05313395      0.05302626
      0.06800000      0.05390628      0.05392388      0.05392252      0.05389525      0.05378417
      0.06900000      0.05466633      0.05468434      0.05468291      0.05465481      0.05454011
      0.07000000      0.05542462      0.05544303      0.05544154      0.05541259      0.05529424
      0.07100000      0.05618109      0.05619992      0.05619835      0.05616852      0.05604623
      0.07200000      0.05693567      0.05695494      0.05695329      0.05692254      0.05679631
      0.07300000      0.05768832      0.05770802      0.05770630      0.05767459      0.05754408
      0.07400000      0.05843896      0.05845912      0.05845731      0.05842461      0.05828983
      0.07500000      0.05918754      0.05920815      0.05920626      0.05917253      0.05903306
      0.07600000      0.05993398      0.05995506      0.05995307      0.05991827      0.05977417
      0.07700000      0.06067820      0.06069977      0.06069769      0.06066177      0.06051253
      0.07800000      0.06142015      0.06144220      0.06144002      0.06140295      0.06124865
      0.07900000      0.06215973      0.06218229      0.06218000      0.06214171      0.06198177
      0.08000000      0.06289687      0.06291995      0.06291755      0.06287799      0.06271253
      0.08100000      0.06363148      0.06365510      0.06365258      0.06361170      0.06343999
      0.08200000      0.06436347      0.06438764      0.06438499      0.06434273      0.06416498
      0.08300000      0.06509276      0.06511749      0.06511471      0.06507100      0.06488632
      0.08400000      0.06581923      0.06584455      0.06584162      0.06579640      0.06560509
      0.08500000      0.06654280      0.06656871      0.06656564      0.06651882      0.06631979
      0.08600000      0.06726335      0.06728987      0.06728665      0.06723816      0.06703183
      0.08700000      0.06798077      0.06800793      0.06800453      0.06795429      0.06773932
      0.08800000      0.06869494      0.06872275      0.06871918      0.06866709      0.06844407
      0.08900000      0.06940574      0.06943422      0.06943046      0.06937642      0.06914370
      0.09000000      0.07011303      0.07014220      0.07013824      0.07008216      0.06984054
      0.09100000      0.07081667      0.07084656      0.07084239      0.07078415      0.07053156
      0.09200000      0.07151652      0.07154716      0.07154276      0.07148223      0.07121979
      0.09300000      0.07221243      0.07224383      0.07223919      0.07217624      0.07190135
      0.09400000      0.07290422      0.07293641      0.07293152      0.07286600      0.07258019
      0.09500000      0.07359173      0.07362474      0.07361957      0.07355133      0.07325134
      0.09600000      0.07427476      0.07430863      0.07430317      0.07423204      0.07391992
      0.09700000      0.07495313      0.07498788      0.07498210      0.07490789      0.07457953
      0.09800000      0.07562661      0.07566228      0.07565617      0.07557868      0.07523686
      0.09900000      0.07629500      0.07633162      0.07632515      0.07624415      0.07588363
      0.10000000      0.07695805      0.07699566      0.07698880      0.07690406      0.07652861
      0.10100000      0.07761550      0.07765415      0.07764687      0.07755810      0.07716103
      0.10200000      0.07826709      0.07830681      0.07829909      0.07820601      0.07779242
      0.10300000      0.07891253      0.07895336      0.07894516      0.07884742      0.07840872
      0.10400000      0.07955149      0.07959350      0.07958477      0.07948204      0.07902512
      0.10500000      0.08018365      0.08022687      0.08021758      0.08010941      0.07962321
      0.10600001      0.08080863      0.08085314      0.08084323      0.08072923      0.08022307
      0.10700001      0.08142606      0.08147190      0.08146133      0.08134091      0.08080047
      0.10800001      0.08203549      0.08208274      0.08207144      0.08194414      0.08138205
      0.10900001      0.08263648      0.08268520      0.08267311      0.08253815      0.08193583
      0.11000001      0.08322852      0.08327879      0.08326584      0.08312267      0.08249723
      0.11100001      0.08381107      0.08386296      0.08384907      0.08369663      0.08302388
      0.11200001      0.08438353      0.08443714      0.08442220      0.08425989      0.08356304
      0.11300001      0.08494525      0.08500067      0.08498458      0.08481090      0.08405836
      0.11400001      0.08549551      0.08555285      0.08553549      0.08534977      0.08457311
      0.11500001      0.08603353      0.08609289      0.08607412      0.08587423      0.08503208
      0.11600001      0.08655843      0.08661993      0.08659960      0.08638489      0.08552026
      0.11700001      0.08706924      0.08713303      0.08711095      0.08687822      0.08593689
      0.11800001      0.08756489      0.08763111      0.08760706      0.08735589      0.08639647
      0.11900001      0.08804417      0.08811298      0.08808672      0.08781223      0.08676365
      0.12000001      0.08850574      0.08857731      0.08854856      0.08825087      0.08719303
      0.12100001      0.08894808      0.08902260      0.08899100      0.08866247      0.08750241
      0.12200001      0.08936945      0.08944714      0.08941229      0.08905444      0.08790093
      0.12300001      0.08976790      0.08984900      0.08981041      0.08941087      0.08814286
      0.12400001      0.09014118      0.09022594      0.09018302      0.08974640      0.08851149
      0.12500001      0.09048669      0.09057542      0.09052744      0.09003329      0.08867516
      0.12600001      0.09080144      0.09089445      0.09084051      0.09029996      0.08901760
      0.12700001      0.09108191      0.09117955      0.09111853      0.09049711      0.08909149
      0.12800001      0.09132395      0.09142663      0.09135712      0.09067945      0.08941580
      0.12900001      0.09152263      0.09163079      0.09155090      0.09075797      0.08938871
      0.13000001      0.09167202      0.09178614      0.09169355      0.09083780      0.08970943
      0.13100001      0.09176490      0.09188551      0.09177680      0.09075603      0.08957239
      0.13200001      0.09179239      0.09192003      0.09179116      0.09071490      0.08991318
      0.13300001      0.09174335      0.09187859      0.09172255      0.09041331      0.08966267
      0.13400001      0.09160361      0.09174694      0.09155669      0.09024050      0.09005902
      0.13500001      0.09135475      0.09150647      0.09126519      0.08963765      0.08970172
      0.13600001      0.09097224      0.09113220      0.09082984      0.08935103      0.09020264
      0.13700001      0.09042248      0.09058941      0.09017818      0.08834815      0.08976146
      0.13800001      0.08965774      0.08982811      0.08931349      0.08803950      0.09042827
      0.13900001      0.08860725      0.08877073      0.08799869      0.08655508      0.08994815
      0.14000001      0.08715985      0.08729732      0.08645389      0.08646558      0.09084795
      0.14100001      0.08512730      0.08516093      0.08375235      0.08453767      0.09039838
      0.14200001      0.08215521      0.08209412      0.08156801      0.08511438      0.09159065
      0.14300001      0.07746144      0.07661387      0.07614729      0.08307622      0.09126055
      0.14400001      0.06878957      0.07241708      0.07624093      0.08483527      0.09277881
      0.14500001      0.04445692      0.05835771      0.06978588      0.08337373      0.09266124
      0.14600001      0.07087486      0.07294752      0.07724492      0.08645109      0.09449686
      0.14700001      0.08139539      0.07698893      0.07768213      0.08621121      0.09466645
      0.14800001      0.08789890      0.08582113      0.08566404      0.09007703      0.09676417
      0.14900001      0.09266479      0.09121810      0.08966820      0.09110830      0.09725695
      0.15000001      0.09648229      0.09551825      0.09461768      0.09499377      0.09952695
      0.15100001      0.09970894      0.09899177      0.09813643      0.09682586      0.10033290
      0.15200001      0.10253465      0.10197374      0.10142024      0.10027069      0.10267399
      0.15300001      0.10507160      0.10461372      0.10417637      0.10239692      0.10374541
      0.15400001      0.10739125      0.10700633      0.10669000      0.10530543      0.10606794
      0.15500001      0.10954175      0.10921083      0.10896171      0.10742529      0.10733728
      0.15600001      0.11155704      0.11126756      0.11107267      0.10987717      0.10957669
      0.15700001      0.11346190      0.11320513      0.11304662      0.11187133      0.11097445
      0.15800001      0.11527491      0.11504456      0.11491422      0.11398168      0.11309375
      0.15900001      0.11701040      0.11680179      0.11669244      0.11582616      0.11456033
      0.16000001      0.11867960      0.11848916      0.11839635      0.11769233      0.11654548
      0.16100001      0.12029149      0.12011646      0.12003672      0.11940028      0.11803599
      0.16200001      0.12185334      0.12169152      0.12162239      0.12109266      0.11988856
      0.16300001      0.12337113      0.12322076      0.12316033      0.12268681      0.12137262
      0.16400001      0.12484984      0.12470948      0.12465630      0.12425340      0.12310308
      0.16500001      0.12629365      0.12616211      0.12611501      0.12575563      0.12456220
      0.16600001      0.12770608      0.12758236      0.12754045      0.12722871      0.12618493
      0.16700001      0.12909016      0.12897344      0.12893596      0.12865706      0.12760932
      0.16800001      0.13044849      0.13033805      0.13030441      0.13005851      0.12913947
      0.16900001      0.13178333      0.13167856      0.13164826      0.13142703      0.13052513
      0.17000001      0.13309664      0.13299702      0.13296965      0.13277194      0.13197695
      0.17100001      0.13439015      0.13429522      0.13427043      0.13409139      0.13332346
      0.17200001      0.13566537      0.13557473      0.13555223      0.13539046      0.13470950
      0.17300001      0.13692365      0.13683695      0.13681649      0.13666902      0.13601849
      0.17400001      0.13816618      0.13808312      0.13806449      0.13793003      0.13734940
      0.17500001      0.13939402      0.13931433      0.13929734      0.13917400      0.13862353
      0.17600001      0.14060815      0.14053158      0.14051607      0.14040278      0.13990813
      0.17700001      0.14180941      0.14173574      0.14172157      0.14161706      0.14115043
      0.17800001      0.14299857      0.14292761      0.14291467      0.14281809      0.14239594
      0.17900001      0.14417635      0.14410792      0.14409609      0.14400655      0.14360950
      0.18000001      0.14534337      0.14527731      0.14526651      0.14518332      0.14482175
      0.18100001      0.14650021      0.14643638      0.14642652      0.14634904      0.14600945
      0.18200001      0.14764740      0.14758566      0.14757667      0.14750438      0.14719317
      0.18300001      0.14878542      0.14872565      0.14871746      0.14864986      0.14835763
      0.18400001      0.14991469      0.14985680      0.14984935      0.14978602      0.14951661
      0.18500001      0.15103564      0.15097951      0.15097276      0.15091332      0.15066016
      0.18600001      0.15214862      0.15209417      0.15208806      0.15203219      0.15179748
      0.18700001      0.15325398      0.15320112      0.15319562      0.15314300      0.15292214
      0.18800001      0.15435202      0.15430067      0.15429574      0.15424611      0.15404028
      0.18900001      0.15544303      0.15539313      0.15538872      0.15534185      0.15514779
      0.19000001      0.15652728      0.15647875      0.15647485      0.15643050      0.15624877
      0.19100001      0.15760500      0.15755780      0.15755437      0.15751235      0.15734063
      0.19200001      0.15867644      0.15863049      0.15862750      0.15858765      0.15842610
      0.19300001      0.15974178      0.15969704      0.15969447      0.15965661      0.15950357
      0.19400001      0.16080122      0.16075764      0.16075548      0.16071946      0.16057488
      0.19500001      0.16185494      0.16181247      0.16181069      0.16177639      0.16163905
      0.19600001      0.16290310      0.16286170      0.16286029      0.16282757      0.16269731
      0.19700001      0.16394586      0.16390549      0.16390443      0.16387317      0.16374908
      0.19800001      0.16498334      0.16494396      0.16494324      0.16491335      0.16479521
      0.19900001      0.16601568      0.16597726      0.16597685      0.16594823      0.16583535
      0.20000001      0.16704299      0.16700549      0.16700540      0.16697795      0.16687010
      0.20100001      0.16806537      0.16802878      0.16802898      0.16800263      0.16789926
      0.20200001      0.16908294      0.16904721      0.16904770      0.16902236      0.16892324
      0.20300001      0.17009577      0.17006088      0.17006165      0.17003726      0.16994196
      0.20400001      0.17110394      0.17106987      0.17107092      0.17104739      0.17095569
      0.20500001      0.17210753      0.17207425      0.17207556      0.17205285      0.17196441
      0.20600001      0.17310660      0.17307410      0.17307566      0.17305370      0.17296830
      0.20700001      0.17410122      0.17406946      0.17407128      0.17405001      0.17396737
      0.20800001      0.17509142      0.17506040      0.17506246      0.17504183      0.17496175
      0.20900001      0.17607726      0.17604695      0.17604925      0.17602922      0.17595145
      0.21000001      0.17705877      0.17702916      0.17703169      0.17701220      0.17693657
      0.21100001      0.17803598      0.17800705      0.17800982      0.17799082      0.17791712
      0.21200001      0.17900892      0.17898066      0.17898365      0.17896511      0.17889316
      0.21300001      0.17997760      0.17994999      0.17995321      0.17993508      0.17986471
      0.21400001      0.18094204      0.18091508      0.18091851      0.18090075      0.18083180
      0.21500001      0.18190224      0.18187591      0.18187957      0.18186214      0.18179443
      0.21600001      0.18285820      0.18283249      0.18283637      0.18281923      0.18275263
      0.21700001      0.18380993      0.18378483      0.18378892      0.18377204      0.18370639
      0.21800001      0.18475739      0.18473290      0.18473720      0.18472054      0.18465570
      0.21900001      0.18570059      0.18567668      0.18568120      0.18566473      0.18560055
      0.22000001      0.18663949      0.18661617      0.18662090      0.18660458      0.18654092
      0.22100001      0.18757406      0.18755131      0.18755626      0.18754005      0.18747678
      0.22200001      0.18850426      0.18848209      0.18848725      0.18847113      0.18840810
      0.22300001      0.18943005      0.18940846      0.18941383      0.18939775      0.18933483
      0.22400001      0.19035139      0.19033035      0.19033594      0.19031988      0.19025693
      0.22500001      0.19126821      0.19124773      0.19125353      0.19123745      0.19117433
      0.22600001      0.19218044      0.19216052      0.19216654      0.19215040      0.19208697
      0.22700001      0.19308802      0.19306866      0.19307489      0.19305866      0.19299477
      0.22800001      0.19399086      0.19397205      0.19397850      0.19396214      0.19389765
      0.22900001      0.19488887      0.19487062      0.19487729      0.19486076      0.19479551
      0.23000001      0.19578196      0.19576426      0.19577116      0.19575441      0.19568824
      0.23100001      0.19667001      0.19665287      0.19665999      0.19664300      0.19657574
      0.23200001      0.19755291      0.19753632      0.19754368      0.19752639      0.19745787
      0.23300001      0.19843053      0.19841450      0.19842209      0.19840446      0.19833448
      0.23400001      0.19930272      0.19928725      0.19929508      0.19927707      0.19920544
      0.23500001      0.20016934      0.20015443      0.20016250      0.20014406      0.20007056
      0.23600001      0.20103021      0.20101588      0.20102419      0.20100525      0.20092968
      0.23700001      0.20188515      0.20187140      0.20187996      0.20186048      0.20178256
      0.23800001      0.20273398      0.20272081      0.20272963      0.20270953      0.20262903
      0.23900001      0.20357646      0.20356389      0.20357297      0.20355219      0.20346879
      0.24000001      0.20441238      0.20440041      0.20440975      0.20438822      0.20430164
      0.24100001      0.20524147      0.20523011      0.20523973      0.20521737      0.20512721
      0.24200001      0.20606346      0.20605273      0.20606263      0.20603935      0.20594529
      0.24300001      0.20687805      0.20686796      0.20687814      0.20685386      0.20675539
      0.24400001      0.20768492      0.20767549      0.20768596      0.20766055      0.20755731
      0.24500001      0.20848370      0.20847494      0.20848571      0.20845907      0.20835039
      0.24600001      0.20927401      0.20926594      0.20927701      0.20924902      0.20913446
      0.24700001      0.21005541      0.21004806      0.21005945      0.21002994      0.20990862
      0.24800001      0.21082745      0.21082084      0.21083254      0.21080137      0.21067281
      0.24900001      0.21158960      0.21158375      0.21159578      0.21156276      0.21142568
      0.25000001      0.21234129      0.21233624      0.21234860      0.21231353      0.21216748
      0.25100001      0.21308191      0.21307769      0.21309038      0.21305302      0.21289611
      0.25200001      0.21381075      0.21380739      0.21382043      0.21378052      0.21361241
      0.25300001      0.21452704      0.21452459      0.21453798      0.21449520      0.21431302
      0.25400001      0.21522994      0.21522844      0.21524218      0.21519618      0.21499994
      0.25500001      0.21591847      0.21591796      0.21593206      0.21588243      0.21566763
      0.25600001      0.21659156      0.21659211      0.21660656      0.21655282      0.21632030
      0.25700001      0.21724800      0.21724967      0.21726446      0.21720603      0.21694852
      0.25800001      0.21788641      0.21788927      0.21790440      0.21784060      0.21756079
      0.25900001      0.21850524      0.21850937      0.21852482      0.21845482      0.21814070
      0.26000001      0.21910269      0.21910818      0.21912393      0.21904676      0.21870486
      0.26100001      0.21967673      0.21968368      0.21969969      0.21961407      0.21922417
      0.26200001      0.22022497      0.22023350      0.22024971      0.22015421      0.21973067
      0.26300001      0.22074465      0.22075488      0.22077122      0.22066378      0.22017209
      0.26400001      0.22123250      0.22124460      0.22126095      0.22113941      0.22060960
      0.26500001      0.22168469      0.22169883      0.22171504      0.22157574      0.22094841
      0.26600001      0.22209659      0.22211297      0.22212881      0.22196853      0.22130479
      0.26700001      0.22246262      0.22248148      0.22249664      0.22230816      0.22150570
      0.26800001      0.22277594      0.22279756      0.22281156      0.22259065      0.22177129
      0.26900001      0.22302802      0.22305274      0.22306489      0.22279549      0.22178484
      0.27000001      0.22320813      0.22323631      0.22324559      0.22292509      0.22196098
      0.27100001      0.22330237      0.22333448      0.22333928      0.22292779      0.22172208
      0.27200001      0.22329246      0.22332900      0.22332676      0.22283900      0.22184017
      0.27300001      0.22315359      0.22319513      0.22318151      0.22251038      0.22127579
      0.27400001      0.22285098      0.22289805      0.22286564      0.22211702      0.22143291
      0.27500001      0.22233378      0.22238666      0.22231990      0.22119957      0.22049540
      0.27600001      0.22152352      0.22158147      0.22145659      0.22047951      0.22090157
      0.27700001      0.22029017      0.22034863      0.22007810      0.21851600      0.21964911
      0.27800001      0.21839562      0.21843615      0.21805166      0.21795083      0.22063740
      0.27900001      0.21533396      0.21524196      0.21409970      0.21462845      0.21934441
      0.28000001      0.20972918      0.21034860      0.21201362      0.21607903      0.22123808
      0.28100001      0.19541154      0.19727355      0.20310689      0.21299781      0.22039635
      0.28200001      0.21188277      0.21211734      0.21346474      0.21786436      0.22322557
      0.28300001      0.21960448      0.21853476      0.21658142      0.21802424      0.22327361
      0.28400001      0.22477030      0.22426210      0.22338730      0.22362643      0.22665461
      0.28500001      0.22876206      0.22843387      0.22775554      0.22617820      0.22764835
      0.28600001      0.23208806      0.23184749      0.23142203      0.23044448      0.23105945
      0.28700001      0.23498766      0.23479740      0.23448786      0.23330774      0.23270451
      0.28800001      0.23759167      0.23743382      0.23719868      0.23642603      0.23581337
      0.28900001      0.23997908      0.23984375      0.23965568      0.23896259      0.23775307
      0.29000001      0.24220111      0.24208229      0.24192690      0.24143120      0.24046898
      0.29100001      0.24429283      0.24418660      0.24405489      0.24364084      0.24246303
      0.29200001      0.24627925      0.24618295      0.24606911      0.24575019      0.24482783
      0.29300001      0.24817886      0.24809057      0.24799062      0.24772542      0.24676196
      0.29400001      0.25000568      0.24992399      0.24983511      0.24961938      0.24885418
      0.29500001      0.25177058      0.25169443      0.25161455      0.25143219      0.25069121
      0.29600001      0.25348219      0.25341074      0.25333830      0.25318427      0.25258303
      0.29700001      0.25514744      0.25508005      0.25501386      0.25488106      0.25432146
      0.29800001      0.25677201      0.25670814      0.25664725      0.25653214      0.25606777
      0.29900001      0.25836057      0.25829980      0.25824347      0.25814249      0.25771893
      0.30000001      0.25991705      0.25985903      0.25980665      0.25971752      0.25935853
      0.30100001      0.26144477      0.26138919      0.26134026      0.26126098      0.26093645
      0.30200001      0.26294654      0.26289316      0.26284728      0.26277637      0.26249609
      0.30300001      0.26442480      0.26437341      0.26433022      0.26426644      0.26401364
      0.30400001      0.26588164      0.26583206      0.26579128      0.26573366      0.26551178
      0.30500001      0.26731890      0.26727096      0.26723235      0.26718006      0.26697962
      0.30600001      0.26873818      0.26869175      0.26865509      0.26860747      0.26842919
      0.30700001      0.27014090      0.27009586      0.27006096      0.27001744      0.26985580
      0.30800001      0.27152830      0.27148454      0.27145125      0.27141136      0.27126604
      0.30900001      0.27290151      0.27285894      0.27282711      0.27279045      0.27265812
      0.31000001      0.27426151      0.27422005      0.27418957      0.27415578      0.27403577
      0.31100001      0.27560921      0.27556878      0.27553954      0.27550833      0.27539857
      0.31200001      0.27694542      0.27690595      0.27687785      0.27684896      0.27674873
      0.31300001      0.27827085      0.27823229      0.27820525      0.27817846      0.27808640
      0.31400001      0.27958618      0.27954846      0.27952241      0.27949751      0.27941299
      0.31500001      0.28089200      0.28085508      0.28082994      0.28080677      0.28072887
      0.31600002      0.28218886      0.28215270      0.28212841      0.28210682      0.28203498
      0.31700002      0.28347727      0.28344182      0.28341833      0.28339818      0.28333176
      0.31800002      0.28475768      0.28472291      0.28470017      0.28468134      0.28461989
      0.31900002      0.28603053      0.28599640      0.28597435      0.28595674      0.28589978
      0.32000002      0.28729620      0.28726268      0.28724129      0.28722479      0.28717196
      0.32100002      0.28855505      0.28852211      0.28850134      0.28848587      0.28843681
      0.32200002      0.28980742      0.28977504      0.28975485      0.28974033      0.28969474
      0.32300002      0.29105361      0.29102176      0.29100212      0.29098849      0.29094609
      0.32400002      0.29229393      0.29226258      0.29224346      0.29223065      0.29219119
      0.32500002      0.29352862      0.29349775      0.29347914      0.29346709      0.29343035
      0.32600002      0.29475795      0.29472755      0.29470940      0.29469806      0.29466384
      0.32700002      0.29598214      0.29595218      0.29593448      0.29592381      0.29589193
      0.32800002      0.29720142      0.29717189      0.29715461      0.29714456      0.29711486
      0.32900002      0.29841599      0.29838687      0.29837000      0.29836053      0.29833286
      0.33000002      0.29962604      0.29959732      0.29958083      0.29957191      0.29954613
      0.33100002      0.30083176      0.30080341      0.30078729      0.30077888      0.30075487
      0.33200002      0.30203331      0.30200533      0.30198956      0.30198162      0.30195927
      0.33300002      0.30323084      0.30320322      0.30318779      0.30318030      0.30315950
      0.33400002      0.30442452      0.30439724      0.30438213      0.30437507      0.30435573
      0.33500002      0.30561449      0.30558754      0.30557273      0.30556608      0.30554810
      0.33600002      0.30680088      0.30677424      0.30675973      0.30675346      0.30673677
      0.33700002      0.30798381      0.30795748      0.30794326      0.30793734      0.30792186
      0.33800002      0.30916340      0.30913738      0.30912343      0.30911785      0.30910351
      0.33900002      0.31033978      0.31031405      0.31030036      0.31029510      0.31028184
      0.34000002      0.31151305      0.31148760      0.31147416      0.31146920      0.31145696
      0.34100002      0.31268331      0.31265813      0.31264494      0.31264027      0.31262899
      0.34200002      0.31385066      0.31382575      0.31381279      0.31380839      0.31379803
      0.34300002      0.31501519      0.31499054      0.31497780      0.31497366      0.31496416
      0.34400002      0.31617700      0.31615259      0.31614007      0.31613618      0.31612750
      0.34500002      0.31733616      0.31731200      0.31729969      0.31729603      0.31728813
      0.34600002      0.31849276      0.31846883      0.31845673      0.31845329      0.31844613
      0.34700002      0.31964687      0.31962317      0.31961126      0.31960804      0.31960158
      0.34800002      0.32079857      0.32077510      0.32076338      0.32076036      0.32075456
      0.34900002      0.32194792      0.32192467      0.32191313      0.32191031      0.32190513
      0.35000002      0.32309500      0.32307196      0.32306060      0.32305796      0.32305338
      0.35100002      0.32423987      0.32421704      0.32420585      0.32420339      0.32419936
      0.35200002      0.32538259      0.32535996      0.32534894      0.32534665      0.32534311
      0.35300002      0.32652322      0.32650079      0.32648993      0.32648779      0.32648469
      0.35400002      0.32766181      0.32763958      0.32762887      0.32762688      0.32762410
      0.35500002      0.32879842      0.32877638      0.32876583      0.32876396      0.32876133
      0.35600002      0.32993311      0.32991125      0.32990085      0.32989901      0.32989631
      0.35700002      0.33106592      0.33104424      0.33103397      0.33103187      0.33102892
      0.35800002      0.33219690      0.33217539      0.33216514      0.33216196      0.33215908
      0.35900002      0.33332609      0.33330395      0.33329198      0.33328830      0.33328685
      0.36000002      0.33443949      0.33441864      0.33441030      0.33441161      0.33441257
      0.36100002      0.33556499      0.33554397      0.33553428      0.33553456      0.33553667
      0.36200002      0.33668859      0.33666773      0.33665807      0.33665741      0.33665943
      0.36300002      0.33781033      0.33778962      0.33778007      0.33777916      0.33778087
      0.36400002      0.33893025      0.33890968      0.33890024      0.33889934      0.33890087
      0.36500002      0.34004838      0.34002796      0.34001862      0.34001778      0.34001932
      0.36600002      0.34116475      0.34114447      0.34113524      0.34113449      0.34113615
      0.36700002      0.34227940      0.34225926      0.34225013      0.34224947      0.34225131
      0.36800002      0.34339237      0.34337236      0.34336333      0.34336275      0.34336482
      0.36900002      0.34450367      0.34448380      0.34447486      0.34447437      0.34447667
      0.37000002      0.34561335      0.34559361      0.34558476      0.34558435      0.34558689
      0.37100002      0.34672144      0.34670182      0.34669306      0.34669273      0.34669550
      0.37200002      0.34782794      0.34780845      0.34779978      0.34779952      0.34780253
      0.37300002      0.34893291      0.34891354      0.34890496      0.34890477      0.34890800
      0.37400002      0.35003636      0.35001711      0.35000861      0.35000849      0.35001194
      0.37500002      0.35113831      0.35111918      0.35111076      0.35111071      0.35111436
      0.37600002      0.35223880      0.35221978      0.35221144      0.35221145      0.35221531
      0.37700002      0.35333784      0.35331893      0.35331067      0.35331074      0.35331480
      0.37800002      0.35443545      0.35441666      0.35440847      0.35440861      0.35441285
      0.37900002      0.35553167      0.35551298      0.35550487      0.35550506      0.35550948
      0.38000002      0.35662651      0.35660793      0.35659988      0.35660013      0.35660472
      0.38100002      0.35771998      0.35770151      0.35769353      0.35769384      0.35769860
      0.38200002      0.35881212      0.35879375      0.35878584      0.35878620      0.35879112
      0.38300002      0.35990293      0.35988466      0.35987682      0.35987723      0.35988231
      0.38400002      0.36099245      0.36097428      0.36096650      0.36096696      0.36097218
      0.38500002      0.36208068      0.36206260      0.36205489      0.36205539      0.36206077
      0.38600002      0.36316764      0.36314966      0.36314201      0.36314256      0.36314807
      0.38700002      0.36425335      0.36423547      0.36422788      0.36422847      0.36423412
      0.38800002      0.36533783      0.36532004      0.36531251      0.36531314      0.36531892
      0.38900002      0.36642109      0.36640339      0.36639592      0.36639659      0.36640249
      0.39000002      0.36750315      0.36748554      0.36747812      0.36747884      0.36748486
      0.39100002      0.36858402      0.36856650      0.36855913      0.36855989      0.36856603
      0.39200002      0.36966372      0.36964628      0.36963897      0.36963976      0.36964601
      0.39300002      0.37074225      0.37072490      0.37071764      0.37071847      0.37072483
      0.39400002      0.37181964      0.37180238      0.37179516      0.37179603      0.37180250
      0.39500002      0.37289590      0.37287872      0.37287155      0.37287245      0.37287902
      0.39600002      0.37397104      0.37395393      0.37394682      0.37394775      0.37395442
      0.39700002      0.37504507      0.37502804      0.37502097      0.37502193      0.37502870
      0.39800002      0.37611800      0.37610105      0.37609403      0.37609502      0.37610187
      0.39900002      0.37718984      0.37717297      0.37716599      0.37716702      0.37717396
